 200.000000  0.733000  13.815000  13598622.000000  6.600995 3.815604 2.900000 1000.000000 200.000000  
  200.000000  -0.222000  41.138000  40767417.000000  6.600995 3.815604 2.900000 1000.000000 200.000000  
  200.000000  -0.700000  54.630000  54366039.000000  6.600995 3.815604 2.900000 1000.000000 200.000000  
  200.000000  -1.177000  67.974000  67936212.000000  6.600995 3.815604 2.900000 1000.000000 200.000000  
  200.000000  -1.655000  81.229000  81534834.000000  6.600995 3.815604 2.900000 1000.000000 200.000000  
  200.000000  -2.132000  94.354000  95105007.000000  6.600995 3.815604 2.900000 1000.000000 200.000000  
  200.000000  -3.088000  120.304000  121082006.508000  5.374293 3.106528 2.631481 1000.000000 200.000000  
  200.000000  -4.043000  145.703000  145742085.366000  5.408140 3.126092 2.637893 1000.000000 200.000000  
  200.000000  -4.521000  158.215000  158141702.192000  5.425091 3.135891 2.641117 1000.000000 200.000000  
  200.000000  -4.998000  170.578000  170508014.707000  5.441951 3.145636 2.644332 1000.000000 200.000000  
  200.000000  -5.476000  182.845000  182915291.059000  5.458821 3.155388 2.647558 1000.000000 200.000000  
  200.000000  -6.431000  206.992000  207726647.555000  5.492418 3.174808 2.654009 1000.000000 200.000000  
  200.000000  -7.386000  230.668000  232621145.314000  5.525932 3.194180 2.660481 1000.000000 200.000000  
  200.000000  -8.342000  253.902000  257602454.917000  5.559374 3.213511 2.666977 1000.000000 200.000000  
  200.000000  -9.297000  276.651000  282618652.962000  5.592656 3.232749 2.673481 1000.000000 200.000000  
  200.000000  -10.252000  298.944000  307695796.567000  5.625813 3.251915 2.680001 1000.000000 200.000000  
  200.000000  -11.207000  320.838000  332834098.049000  5.658841 3.271006 2.686537 1000.000000 200.000000  
  200.000000  -13.118000  364.004000  383901420.590000  5.967778 3.449583 2.750000 1000.000000 200.000000  
  200.000000  -15.028000  405.445000  435428445.590000  5.967778 3.449583 2.750000 1000.000000 200.000000  
  200.000000  -16.939000  444.346000  486982448.090000  5.967778 3.449583 2.750000 1000.000000 200.000000  
  200.000000  -18.850000  480.711000  538536450.590000  5.967778 3.449583 2.750000 1000.000000 200.000000  
  200.000000  -21.464000  526.664000  609055635.590000  5.967778 3.449583 2.750000 1000.000000 200.000000  
  200.000000  -22.671000  549.112000  642801545.090000  6.406185 3.702997 2.850000 1000.000000 200.000000  
  200.000000  -24.581000  583.986000  696202280.090000  6.406185 3.702997 2.850000 1000.000000 200.000000  
  200.000000  -26.492000  617.943000  749630973.590000  6.406185 3.702997 2.850000 1000.000000 200.000000  
  200.000000  -28.402000  650.935000  803031708.590000  6.406185 3.702997 2.850000 1000.000000 200.000000  
  200.000000  -30.470000  685.651000  860849886.590000  6.406185 3.702997 2.850000 1000.000000 200.000000  
  200.000000  -32.223000  715.736000  911580830.090000  6.778813 3.918389 2.950000 1000.000000 200.000000  
  200.000000  -34.134000  748.151000  966884214.590000  6.778813 3.918389 2.950000 1000.000000 200.000000  
  200.000000  -37.526000  804.582000  1065046998.590000  6.778813 3.918389 2.950000 1000.000000 200.000000