 200.000000  -39.865000  822.334000  1140361061.237000  7.934000 4.524000 3.282160 3038.756359 1519.378179  
  200.000000  -42.731000  843.943000  1232638223.226000  7.930000 4.518000 3.281768 2508.873279 1254.436639  
  200.000000  -45.597000  865.425000  1324875576.959000  7.946000 4.518000 3.278969 2089.207778 1044.603889  
  200.000000  -48.463000  886.645000  1417270962.452000  7.954000 4.516000 3.291113 1756.286662 878.143331  
  200.000000  -51.329000  907.577000  1509838235.188000  7.969000 4.518000 3.292620 1489.909743 744.954872  
  200.000000  -54.194000  928.199000  1602409908.965000  7.973000 4.514000 3.294322 1274.898016 637.449008  
  200.000000  -57.060000  948.542000  1695034137.668000  7.966000 4.506000 3.294459 1099.478740 549.739370  
  200.000000  -59.926000  968.559000  1787696346.921000  7.980000 4.508000 3.296509 955.567802 477.783901  
  200.000000  -62.792000  988.240000  1880425754.503000  7.988000 4.505000 3.299775 836.632274 418.316137  
  200.000000  -65.658000  1007.545000  1973180658.426000  7.988000 4.500000 3.299584 737.821241 368.910621  
  200.000000  -70.434000  1038.896000  2127822649.604000  7.990000 4.493000 3.301403 607.324659 303.662330  
  200.000000  -75.210000  1069.116000  2282539906.964000  7.992000 4.485000 3.302596 508.895681 254.447841  
  200.000000  -79.986000  1098.123000  2437348297.742000  8.004000 4.483000 3.305042 433.650614 216.825307  
  200.000000  -84.763000  1125.859000  2592287169.688000  8.000000 4.473000 3.307430 375.410508 187.705254  
  200.000000  -89.539000  1152.278000  2747312648.699000  8.009000 4.469000 3.309750 329.831580 164.915790  
  200.000000  -94.315000  1177.431000  2902443065.831000  8.014000 4.463000 3.311880 293.661410 146.830705  
  200.000000  -118.197000  1280.652000  3681544698.592000  8.022000 4.429000 3.336402 198.899084 99.449542  
  200.000000  -122.973000  1296.602000  3837939236.783000  8.027000 4.427000 3.339403 190.391168 95.195584  
  200.000000  -127.750000  1311.174000  3994512107.064000  8.037000 4.429000 3.342457 183.901514 91.950757  
  200.000000  -130.859000  1320.000000  4096501822.246000  8.041000 4.426000 3.344911 180.555414 90.277707  
  200.000000  -137.302000  1332.886000  4307913567.637000  8.094000 4.450000 3.347276 179.435222 89.717611  
  200.000000  -142.079000  1342.440000  4464866633.953000  8.106000 4.453000 3.350924 178.632523 89.316262  
  200.000000  -146.855000  1351.992000  4621970045.915000  8.119000 4.454000 3.354946 177.853373 88.926686  
  200.000000  -150.559000  1039.400000  4744633455.705000  8.307000 4.610000 3.396477 1704.479908 852.239954  
  200.000000  -156.408000  1051.098000  4939228662.579000  8.308000 4.607000 3.393235 1661.338537 830.669268  
  200.000000  -161.184000  1060.650000  5098311090.163000  8.319000 4.609000 3.396987 1627.583073 813.791537  
  200.000000  -165.960000  1070.202000  5257545939.351000  8.327000 4.610000 3.400121 1595.073100 797.536550  
  200.000000  -170.737000  1079.756000  5416980086.474000  8.340000 4.613000 3.403843 1563.751185 781.875593  
  200.000000  -175.513000  1082.437000  5576551851.925000  8.351000 4.616000 3.407786 1625.134973 812.567487  
  200.000000  -180.289000  1084.938000  5736313996.995000  8.362000 4.619000 3.411728 1691.378907 845.689454  
  200.000000  -185.066000  1087.440000  5896312891.265000  8.380000 4.626000 3.416258 1760.208685 880.104343  
  200.000000  -189.842000  1089.941000  6056466428.277000  8.387000 4.627000 3.420104 1831.694795 915.847398  
  200.000000  -194.618000  1092.442000  6216822733.718000  8.406000 4.635000 3.424619 1905.953223 952.976612  
  200.000000  -199.395000  1094.944000  6377400222.554000  8.412000 4.637000 3.428502 1983.083617 991.541809  
  200.000000  -204.171000  1097.445000  6538132971.830000  8.428000 4.642000 3.432443 2063.175587 1031.587794  
  200.000000  -208.947000  1099.946000  6699066947.384000  8.441000 4.645000 3.436869 2146.356114 1073.178057  
  200.000000  -213.723000  1102.448000  6860190207.343000  8.453000 4.650000 3.440831 2232.709740 1116.354870  
  200.000000  -218.500000  1104.949000  7021548674.137000  8.466000 4.653000 3.445250 2322.430882 1161.215441  
  200.000000  -228.052000  1109.952000  7344784529.015000  8.489000 4.663000 3.453641 2512.228398 1256.114199  
  200.000000  -237.605000  1114.955000  7668839333.731000  8.513000 4.671000 3.462066 2716.831069 1358.415535  
  200.000000  -247.158000  1119.957000  7993661261.017000  8.535000 4.678000 3.470055 2937.310992 1468.655496  
  200.000000  -256.710000  1124.960000  8319253827.056000  8.562000 4.687000 3.478686 3174.792421 1587.396210  
  200.000000  -266.263000  1129.963000  8645686611.684000  8.585000 4.696000 3.487364 3430.639322 1715.319661  
  200.000000  -275.816000  1134.965000  8972949715.993999  8.609000 4.705000 3.496351 3706.230712 1853.115356  
  200.000000  -285.368000  1139.968000  9301376560.879000  8.591000 4.730000 3.512984 4003.448866 2001.724433  
  200.000000  -290.145000  1142.469000  9466121717.195999  8.604000 4.733000 3.517558 4160.859671 2080.429835  
  200.000000  -294.921000  1144.971000  9631036990.909000  8.618000 4.739000 3.521980 4324.102899 2162.051449  
  200.000000  -299.697000  1147.472000  9796146041.621000  8.624000 4.739000 3.526041 4493.499563 2246.749782  
  200.000000  -304.474000  1149.974000  9961498702.157000  8.643000 4.746000 3.530641 4669.275760 2334.637880  
  200.000000  -314.026000  1154.976000  10292749221.256001  8.664000 4.751000 3.539373 5040.780694 2520.390347  
  200.000000  -323.579000  1159.979000  10624851030.740999  8.688000 4.759000 3.548015 5440.567074 2720.283537  
  200.000000  -333.132000  1164.982000  10957803680.636999  8.712000 4.766000 3.557421 5870.747534 2935.373767  
  200.000000  -342.684000  1169.984000  11291615427.427000  8.737000 4.773000 3.567067 6333.615299 3166.807649  
  200.000000  -352.237000  1174.987000  11626369015.267000  8.762000 4.779000 3.576782 6831.642726 3415.821363  
  200.000000  -361.789000  1179.989000  11962047059.035999  8.790000 4.787000 3.587421 7367.492193 3683.746097  
  200.000000  -371.342000  1184.992000  12298745675.576000  8.813000 4.792000 3.598114 7944.073556 3972.036778  
  200.000000  -380.895000  1189.995000  12636199747.898001  8.834000 4.797000 3.603487 8563.662428 4281.831214  
  200.000000  -390.447000  1194.997000  12979754853.465000  9.155000 5.095000 3.724430 9246.880069 4623.440034  
  200.000000  -400.000000  1200.000000  13330609573.997000  9.214000 5.140000 3.760036 10005.039598 5002.519799