  -45.0000000       6.59045014E-08
  -44.9000015       5.79905013E-08
  -44.7999992       5.04652427E-08
  -44.7000008       4.13336103E-08
  -44.5999985       3.95325515E-08
  -44.5000000       4.54511593E-08
  -44.4000015       4.32235261E-08
  -44.2999992       4.06074783E-08
  -44.2000008       3.27204113E-08
  -44.0999985       1.28390569E-08
  -44.0000000      -1.08736389E-08
  -43.9000015      -4.29999290E-08
  -43.7999992      -6.81937706E-08
  -43.7000008      -8.40187013E-08
  -43.5999985      -7.97797526E-08
  -43.5000000      -6.17099118E-08
  -43.4000015      -3.62307695E-08
  -43.2999992      -4.15415213E-09
  -43.2000008       2.94073210E-08
  -43.0999985       5.77475632E-08
  -43.0000000       7.55319931E-08
  -42.9000015       8.06998841E-08
  -42.7999992       6.61546835E-08
  -42.7000008       3.93664301E-08
  -42.5999985      -5.91619287E-09
  -42.5000000      -4.25618332E-08
  -42.4000015      -7.77187736E-08
  -42.2999992      -9.21210059E-08
  -42.2000008      -8.97994141E-08
  -42.0999985      -6.54045920E-08
  -42.0000000      -3.86681300E-08
  -41.9000015      -3.28177174E-09
  -41.7999992       2.49839633E-08
  -41.7000008       4.80510138E-08
  -41.5999985       5.67881848E-08
  -41.5000000       7.16129946E-08
  -41.4000015       7.75242270E-08
  -41.2999992       9.15120992E-08
  -41.2000008       9.08498450E-08
  -41.0999985       8.62932268E-08
  -41.0000000       7.18051041E-08
  -40.9000015       5.78492667E-08
  -40.7999992       4.02287270E-08
  -40.7000008       3.14022941E-08
  -40.5999985       1.73543846E-08
  -40.5000000       3.05706971E-09
  -40.4000015      -1.96590815E-08
  -40.2999992      -4.31583729E-08
  -40.2000008      -7.13009598E-08
  -40.0999985      -8.41545216E-08
  -40.0000000      -7.61417240E-08
  -39.9000015      -4.56283971E-08
  -39.7999992      -1.81318915E-09
  -39.7000008       4.59823042E-08
  -39.5999985       8.22883095E-08
  -39.5000000       9.79539578E-08
  -39.4000015       8.94153658E-08
  -39.2999992       6.58284236E-08
  -39.2000008       4.34605028E-08
  -39.0999985       1.65560259E-08
  -39.0000000      -4.59524818E-09
  -38.9000015      -3.01255589E-08
  -38.7999992      -5.66978997E-08
  -38.7000008      -7.76026496E-08
  -38.5999985      -9.45618055E-08
  -38.5000000      -9.87229214E-08
  -38.4000015      -8.80873969E-08
  -38.2999992      -5.99031011E-08
  -38.2000008      -1.73596479E-08
  -38.0999985       3.16447490E-08
  -38.0000000       8.49999751E-08
  -37.9000015       1.26812580E-07
  -37.7999992       1.68185949E-07
  -37.7000008       1.89152161E-07
  -37.5999985       1.97267227E-07
  -37.5000000       1.66671370E-07
  -37.4000015       1.22241602E-07
  -37.2999992       4.36572165E-08
  -37.2000008      -4.50560016E-08
  -37.0999985      -1.27589573E-07
  -37.0000000      -1.82827137E-07
  -36.9000015      -1.92245039E-07
  -36.7999992      -1.58937240E-07
  -36.7000008      -8.73432384E-08
  -36.5999985      -1.58635896E-08
  -36.5000000       4.19655244E-08
  -36.4000015       5.10830844E-08
  -36.2999992       1.58112936E-08
  -36.2000008      -6.19687697E-08
  -36.0999985      -1.49900899E-07
  -36.0000000      -2.28022699E-07
  -35.9000015      -2.61322157E-07
  -35.7999992      -2.33535147E-07
  -35.7000008      -1.41003980E-07
  -35.5999985       2.37143905E-09
  -35.5000000       1.64629157E-07
  -35.4000015       2.97639474E-07
  -35.2999992       3.68051531E-07
  -35.2000008       3.48013288E-07
  -35.0999985       2.44771599E-07
  -35.0000000       9.24597998E-08
  -34.9000015      -6.98872427E-08
  -34.7999992      -1.87284826E-07
  -34.7000008      -2.43437768E-07
  -34.5999985      -2.16328743E-07
  -34.5000000      -1.36878398E-07
  -34.4000015      -2.19368026E-08
  -34.2999992       8.39632008E-08
  -34.2000008       1.67142787E-07
  -34.0999985       2.18194529E-07
  -34.0000000       2.39100643E-07
  -33.9000015       2.24984262E-07
  -33.7999992       1.88717422E-07
  -33.7000008       1.22039765E-07
  -33.5999985       4.09280396E-08
  -33.5000000      -4.29515552E-08
  -33.4000015      -1.13598290E-07
  -33.2999992      -1.52876154E-07
  -33.2000008      -1.59055787E-07
  -33.0999985      -1.33713741E-07
  -33.0000000      -1.01575182E-07
  -32.9000015      -6.64117508E-08
  -32.7999992      -4.85314082E-08
  -32.7000008      -4.49591866E-08
  -32.5999985      -5.98023888E-08
  -32.5000000      -8.12590457E-08
  -32.4000015      -1.02860390E-07
  -32.2999992      -1.16965943E-07
  -32.2000008      -1.27028159E-07
  -32.0999985      -1.25909636E-07
  -32.0000000      -1.10191635E-07
  -31.8999996      -8.07929794E-08
  -31.7999992      -4.23571791E-08
  -31.7000008       8.26739210E-09
  -31.5999985       5.30991358E-08
  -31.5000000       8.08662790E-08
  -31.3999996       9.06883670E-08
  -31.2999992       8.00359032E-08
  -31.2000008       6.30483967E-08
  -31.0999985       4.65749572E-08
  -31.0000000       4.54131950E-08
  -30.8999996       4.58492373E-08
  -30.7999992       4.80299960E-08
  -30.7000008       4.39008190E-08
  -30.5999985       2.98168210E-08
  -30.5000000       7.52614326E-09
  -30.3999996      -1.62610903E-08
  -30.2999992      -2.66020965E-08
  -30.2000008      -2.90819919E-08
  -30.0999985      -2.49381173E-08
  -30.0000000      -1.67965855E-08
  -29.8999996      -6.69029543E-09
  -29.7999992      -5.84083626E-09
  -29.7000008      -1.26078270E-09
  -29.5999985       5.33812194E-09
  -29.5000000       2.10865476E-08
  -29.3999996       3.17310587E-08
  -29.2999992       4.61491503E-08
  -29.2000008       4.53470577E-08
  -29.0999985       4.90535079E-08
  -29.0000000       4.25388862E-08
  -28.8999996       5.00529929E-08
  -28.7999992       6.50134808E-08
  -28.6999989       7.63376704E-08
  -28.6000004       6.76734047E-08
  -28.5000000       4.17030606E-08
  -28.3999996      -5.03846076E-09
  -28.2999992      -5.19948244E-08
  -28.1999989      -9.95705349E-08
  -28.1000004      -1.22146375E-07
  -28.0000000      -1.21004035E-07
  -27.8999996      -9.34042035E-08
  -27.7999992      -4.61498075E-08
  -27.6999989       6.35520969E-09
  -27.6000004       5.61805464E-08
  -27.5000000       8.78672353E-08
  -27.3999996       9.65184626E-08
  -27.2999992       8.50600870E-08
  -27.1999989       4.66005226E-08
  -27.1000004      -2.98034410E-11
  -27.0000000      -4.53587390E-08
  -26.8999996      -7.94586370E-08
  -26.7999992      -9.63246194E-08
  -26.6999989      -8.69679297E-08
  -26.6000004      -6.39764366E-08
  -26.5000000      -3.02500283E-08
  -26.3999996      -6.93384328E-09
  -26.2999992       1.55748892E-09
  -26.1999989      -5.31194333E-09
  -26.1000004      -1.61672506E-08
  -26.0000000      -2.56160408E-08
  -25.8999996      -2.79400272E-08
  -25.7999992      -2.69384834E-08
  -25.6999989      -2.03180264E-08
  -25.6000004      -1.45870533E-08
  -25.5000000      -2.38990197E-08
  -25.3999996      -1.42754795E-08
  -25.2999992      -1.79511161E-08
  -25.1999989      -6.56897869E-10
  -25.1000004       1.72787722E-08
  -25.0000000       2.80584054E-08
  -24.8999996       5.26846833E-08
  -24.7999992       6.38025597E-08
  -24.6999989       9.59498863E-08
  -24.6000004       1.27788496E-07
  -24.5000000       1.63908368E-07
  -24.3999996       1.93764379E-07
  -24.2999992       2.00970689E-07
  -24.1999989       1.78710451E-07
  -24.1000004       1.18353213E-07
  -24.0000000       4.67122980E-08
  -23.8999996      -1.06925180E-08
  -23.7999992      -3.42167823E-08
  -23.6999989      -2.47584850E-08
  -23.6000004       1.07786864E-08
  -23.5000000       3.76442344E-08
  -23.3999996       2.71444307E-08
  -23.2999992      -3.07424131E-08
  -23.1999989      -1.25451109E-07
  -23.1000004      -2.24567458E-07
  -23.0000000      -2.98348255E-07
  -22.8999996      -3.23511472E-07
  -22.7999992      -2.86937507E-07
  -22.6999989      -2.02733332E-07
  -22.6000004      -9.15100316E-08
  -22.5000000       1.70718337E-08
  -22.3999996       1.03145048E-07
  -22.2999992       1.45965615E-07
  -22.1999989       1.36899786E-07
  -22.1000004       8.79591155E-08
  -22.0000000       1.03277804E-08
  -21.8999996      -7.36851433E-08
  -21.7999992      -1.43163490E-07
  -21.6999989      -1.73536662E-07
  -21.6000004      -1.57139411E-07
  -21.5000000      -1.04252614E-07
  -21.3999996      -2.99748031E-08
  -21.2999992       4.59862335E-08
  -21.1999989       9.70368390E-08
  -21.1000004       1.29656343E-07
  -21.0000000       1.29326608E-07
  -20.8999996       1.19992421E-07
  -20.7999992       1.02546593E-07
  -20.6999989       9.03670809E-08
  -20.6000004       7.90259946E-08
  -20.5000000       6.30538679E-08
  -20.3999996       4.20169073E-08
  -20.2999992       2.56746571E-08
  -20.1999989       1.18943824E-08
  -20.1000004       9.01728558E-09
  -20.0000000       2.36283970E-08
  -19.8999996       4.37533281E-08
  -19.7999992       6.14537825E-08
  -19.6999989       6.78792205E-08
  -19.6000004       6.57093935E-08
  -19.5000000       6.05305246E-08
  -19.3999996       5.08154940E-08
  -19.2999992       5.70740895E-08
  -19.1999989       7.11607555E-08
  -19.1000004       8.55737810E-08
  -19.0000000       8.59425171E-08
  -18.8999996       7.49865237E-08
  -18.7999992       3.76585376E-08
  -18.6999989      -5.30910205E-09
  -18.6000004      -4.22044835E-08
  -18.5000000      -6.27775165E-08
  -18.3999996      -6.83506229E-08
  -18.2999992      -7.20807023E-08
  -18.1999989      -8.44962003E-08
  -18.1000004      -1.03976397E-07
  -18.0000000      -1.19554429E-07
  -17.8999996      -1.23325123E-07
  -17.7999992      -1.07096703E-07
  -17.6999989      -8.55991402E-08
  -17.6000004      -6.68905926E-08
  -17.5000000      -6.69645175E-08
  -17.3999996      -6.37821458E-08
  -17.2999992      -5.57062663E-08
  -17.1999989      -3.31297336E-08
  -17.1000004       7.08949166E-09
  -17.0000000       5.85979691E-08
  -16.8999996       1.06531360E-07
  -16.7999992       1.31748578E-07
  -16.6999989       1.26196184E-07
  -16.6000004       9.90305224E-08
  -16.5000000       5.68368854E-08
  -16.3999996       1.69562089E-08
  -16.2999992      -8.34180103E-09
  -16.1999989      -1.73755232E-08
  -16.1000004      -1.20092984E-08
  -16.0000000      -8.61615312E-09
  -15.8999996      -1.00014441E-08
  -15.7999992      -1.38469733E-08
  -15.6999989      -4.16701829E-09
  -15.6000004       1.12840590E-08
  -15.5000000       3.66868882E-08
  -15.3999996       4.03913347E-08
  -15.2999992       2.76985599E-08
  -15.1999989      -1.26249189E-08
  -15.1000004      -5.02907120E-08
  -15.0000000      -7.71664119E-08
  -14.8999996      -7.12417787E-08
  -14.7999992      -4.19069899E-08
  -14.6999989      -4.79671025E-10
  -14.6000004       3.34086430E-08
  -14.5000000       4.07210869E-08
  -14.3999996       1.76110362E-08
  -14.2999992      -2.51275196E-08
  -14.1999989      -6.01948358E-08
  -14.1000004      -7.49630189E-08
  -14.0000000      -6.37682405E-08
  -13.8999996      -3.16613473E-08
  -13.7999992       3.16634230E-09
  -13.6999989       3.91602200E-08
  -13.6000004       6.10799162E-08
  -13.5000000       7.69913342E-08
  -13.3999996       9.01278838E-08
  -13.2999992       9.76615055E-08
  -13.1999989       9.21345276E-08
  -13.1000004       7.93571147E-08
  -13.0000000       4.81454308E-08
  -12.8999977       1.08006750E-08
  -12.7999992      -2.64138791E-08
  -12.7000008      -4.00361273E-08
  -12.5999985      -3.54776759E-08
  -12.5000000       7.50311258E-10
  -12.3999977       4.99808266E-08
  -12.2999992       1.06916566E-07
  -12.2000008       1.43348046E-07
  -12.0999985       1.60802756E-07
  -12.0000000       1.29994135E-07
  -11.8999977       7.91678687E-08
  -11.7999992       1.03796429E-08
  -11.7000008      -5.84374185E-08
  -11.5999985      -1.07128749E-07
  -11.5000000      -1.19999100E-07
  -11.3999977      -1.02797159E-07
  -11.2999992      -6.26526315E-08
  -11.2000008      -1.95584740E-08
  -11.0999985       9.12006293E-09
  -11.0000000       8.58171223E-09
  -10.8999977      -1.59830744E-08
  -10.7999992      -5.97626837E-08
  -10.7000008      -9.74811130E-08
  -10.5999985      -1.32451078E-07
  -10.5000000      -1.47169899E-07
  -10.3999977      -1.52480908E-07
  -10.2999992      -1.41908899E-07
  -10.2000008      -1.24237062E-07
  -10.0999985      -8.73803216E-08
  -10.0000000      -4.39992114E-08
  -9.89999771       1.48911443E-08
  -9.79999924       7.30919467E-08
  -9.70000076       1.26756248E-07
  -9.59999847       1.56596045E-07
  -9.50000000       1.66438426E-07
  -9.39999771       1.39456716E-07
  -9.29999924       9.91446214E-08
  -9.20000076       3.93083184E-08
  -9.09999847      -4.04013178E-09
  -9.00000000      -3.62623247E-08
  -8.89999771      -4.42696333E-08
  -8.79999924      -3.46071189E-08
  -8.70000076      -6.69037092E-09
  -8.59999847       2.84716677E-08
  -8.50000000       6.29532622E-08
  -8.39999771       9.05337245E-08
  -8.29999924       1.00662319E-07
  -8.20000076       8.50535642E-08
  -8.09999847       5.01501312E-08
  -8.00000000      -4.66320427E-10
  -7.89999771      -5.06830737E-08
  -7.79999924      -9.08528364E-08
  -7.70000076      -1.07791507E-07
  -7.59999847      -1.05629539E-07
  -7.50000000      -8.22894179E-08
  -7.39999771      -5.48231966E-08
  -7.29999924      -3.38389405E-08
  -7.20000076      -1.59348019E-08
  -7.09999847      -7.91367061E-09
  -7.00000000       8.98388364E-10
  -6.89999771       1.48811474E-09
  -6.79999924      -3.68992503E-09
  -6.70000076      -1.18600516E-08
  -6.59999847      -2.58381725E-08
  -6.50000000      -3.46465754E-08
  -6.39999771      -3.41767468E-08
  -6.29999924      -1.75479649E-08
  -6.20000076      -8.79158912E-10
  -6.09999847       2.64077649E-08
  -6.00000000       3.34867174E-08
  -5.89999771       3.10531156E-08
  -5.79999924       1.27958648E-08
  -5.70000076      -3.06969339E-09
  -5.59999847      -2.31440360E-08
  -5.50000000      -2.31056401E-08
  -5.39999771      -1.90608898E-08
  -5.29999924      -6.77793288E-09
  -5.20000076       1.10943266E-09
  -5.09999847       1.66845489E-08
  -5.00000000       1.90956975E-08
  -4.89999771       2.54910333E-08
  -4.79999924       1.47869565E-08
  -4.70000076       5.35765299E-09
  -4.59999847      -1.58565872E-08
  -4.50000000      -2.86363377E-08
  -4.39999771      -4.06748697E-08
  -4.29999924      -3.01217220E-08
  -4.20000076      -2.08408135E-08
  -4.09999847       7.93471844E-10
  -4.00000000       1.47700190E-08
  -3.89999771       1.71349921E-08
  -3.79999924       3.43632678E-09
  -3.70000076      -1.02834585E-08
  -3.59999847      -2.49714454E-08
  -3.50000000      -2.62034892E-08
  -3.39999771      -1.36309115E-08
  -3.29999924       1.69550098E-08
  -3.20000076       3.67104782E-08
  -3.09999847       5.63595748E-08
  -3.00000000       3.75028293E-08
  -2.89999771       3.43480551E-08
  -2.79999924       5.57887569E-10
  -2.70000076      -3.68802722E-09
  -2.59999847      -1.02821085E-08
  -2.50000000       2.09633555E-09
  -2.39999771      -4.45676474E-09
  -2.29999924      -9.82098314E-09
  -2.20000076      -2.94551263E-08
  -2.09999847      -3.74361413E-08
  -2.00000000      -4.52685249E-08
  -1.89999771      -2.60227733E-08
  -1.79999924      -7.38507078E-09
  -1.70000076       2.35391653E-08
  -1.59999847       5.13212477E-08
  -1.50000000       2.07176811E-07
  -1.39999771       1.04379910E-06
  -1.29999924       5.55290853E-06
  -1.20000076       2.65700492E-05
  -1.09999847       1.12961519E-04
  -1.00000000       4.24846803E-04
 -0.899997711       1.41446362E-03
 -0.799999237       4.17182315E-03
 -0.700000763       1.09126726E-02
 -0.599998474       2.53541581E-02
 -0.500000000       5.24225384E-02
 -0.399997711       9.66977179E-02
 -0.299999237      0.159628287    
 -0.200000763      0.236749396    
  -9.99984741E-02  0.316943228    
   0.00000000      0.385066509    
  0.100002289      0.427149802    
  0.200000763      0.435525268    
  0.299999237      0.411273628    
  0.400001526      0.363117874    
  0.500000000      0.303750396    
  0.600002289      0.245445743    
  0.700000763      0.196647987    
  0.799999237      0.160520807    
  0.900001526      0.135521978    
   1.00000000      0.117289871    
   1.10000229      0.100845352    
   1.20000076       8.23107287E-02
   1.29999924       5.97341843E-02
   1.40000153       3.30015644E-02
   1.50000000       3.20673361E-03
   1.60000229      -2.79086307E-02
   1.70000076      -5.80368079E-02
   1.79999924      -8.41184109E-02
   1.90000153     -0.102583334    
   2.00000000     -0.110453375    
   2.10000229     -0.106854871    
   2.20000076      -9.38381776E-02
   2.29999924      -7.57414177E-02
   2.40000153      -5.74228577E-02
   2.50000000      -4.24880646E-02
   2.60000229      -3.24464664E-02
   2.70000076      -2.68888548E-02
   2.79999924      -2.41510179E-02
   2.90000153      -2.19466388E-02
   3.00000000      -1.78110562E-02
   3.10000229      -9.44610965E-03
   3.20000076       4.90732305E-03
   3.29999924       2.59861033E-02
   3.40000153       5.29311262E-02
   3.50000000       8.28692615E-02
   3.60000229      0.111103363    
   3.70000076      0.132214233    
   3.79999924      0.141801044    
   3.90000153      0.138020962    
   4.00000000      0.122113034    
   4.10000229       9.77345780E-02
   4.20000076       6.96437731E-02
   4.29999924       4.24404591E-02
   4.40000153       1.97426584E-02
   4.50000000       3.77760828E-03
   4.60000229      -4.74894699E-03
   4.70000076      -6.55435864E-03
   4.79999924      -3.45362700E-03
   4.90000153       2.13129329E-03
   5.00000000       7.71189993E-03
   5.10000229       1.12239439E-02
   5.20000076       1.14030540E-02
   5.29999924       7.97773711E-03
   5.40000153       1.61245384E-03
   5.50000000      -6.41053170E-03
   5.60000229      -1.46750119E-02
   5.70000076      -2.20949426E-02
   5.79999924      -2.81631313E-02
   5.90000153      -3.28890048E-02
   6.00000000      -3.65044586E-02
   6.10000229      -3.91562246E-02
   6.20000076      -4.07860354E-02
   6.29999924      -4.12223712E-02
   6.40000153      -4.03239764E-02
   6.50000000      -3.80074866E-02
   6.60000229      -3.41625959E-02
   6.70000076      -2.86225714E-02
   6.79999924      -2.13280022E-02
   6.90000153      -1.26187606E-02
   7.00000000      -3.41417617E-03
   7.10000229       4.93411906E-03
   7.20000076       1.11181093E-02
   7.29999924       1.44293718E-02
   7.40000153       1.50424233E-02
   7.50000000       1.38105107E-02
   7.60000229       1.16743986E-02
   7.70000076       9.05423705E-03
   7.79999924       5.60689019E-03
   7.90000153       4.85290802E-04
   8.00000000      -7.06593646E-03
   8.10000229      -1.71073638E-02
   8.20000076      -2.86979750E-02
   8.29999924      -4.00402397E-02
   8.40000153      -4.90329340E-02
   8.50000000      -5.40024452E-02
   8.60000229      -5.42871431E-02
   8.70000076      -5.04005142E-02
   8.79999924      -4.36941758E-02
   8.90000153      -3.56953666E-02
   9.00000000      -2.74725854E-02
   9.10000229      -1.93631072E-02
   9.20000076      -1.11706695E-02
   9.29999924      -2.65255687E-03
   9.40000153       6.03493070E-03
   9.50000000       1.41890105E-02
   9.60000229       2.07595937E-02
   9.70000076       2.47597396E-02
   9.79999924       2.56771371E-02
   9.90000153       2.36999486E-02
   10.0000000       1.96643174E-02
   10.1000023       1.47654815E-02
   10.2000008       1.01939356E-02
   10.2999992       6.87162485E-03
   10.4000015       5.35343867E-03
   10.5000000       5.82899200E-03
   10.6000023       8.14008154E-03
   10.7000008       1.18164010E-02
   10.7999992       1.61878262E-02
   10.9000015       2.05618553E-02
   11.0000000       2.43489668E-02
   11.1000023       2.70414837E-02
   11.2000008       2.81112529E-02
   11.2999992       2.70017460E-02
   11.4000015       2.33021099E-02
   11.5000000       1.69939790E-02
   11.6000023       8.57249089E-03
   11.7000008      -1.05500990E-03
   11.7999992      -1.08214580E-02
   11.9000015      -1.97575595E-02
   12.0000000      -2.71535702E-02
   12.1000023      -3.26106697E-02
   12.2000008      -3.60155292E-02
   12.2999992      -3.74635458E-02
   12.4000015      -3.71305905E-02
   12.5000000      -3.51069048E-02
   12.6000023      -3.12725529E-02
   12.7000008      -2.53371559E-02
   12.7999992      -1.70973260E-02
   12.9000015      -6.79649180E-03
   13.0000000       4.65488015E-03
   13.1000023       1.57933645E-02
   13.2000008       2.50326302E-02
   13.2999992       3.11711151E-02
   13.4000015       3.36963870E-02
   13.5000000       3.27785946E-02
   13.6000023       2.90731899E-02
   13.7000008       2.35206820E-02
   13.7999992       1.72031391E-02
   13.9000015       1.11760059E-02
   14.0000000       6.21720962E-03
   14.1000023       2.58538104E-03
   14.2000008      -4.35760085E-05
   14.2999992      -2.39489647E-03
   14.4000015      -5.27283596E-03
   14.5000000      -9.25924722E-03
   14.6000023      -1.45090185E-02
   14.7000008      -2.06398461E-02
   14.7999992      -2.67448630E-02
   14.9000015      -3.16073410E-02
   15.0000000      -3.41195986E-02
   15.1000023      -3.37305404E-02
   15.2000008      -3.06617580E-02
   15.2999992      -2.57589631E-02
   15.4000015      -2.00821888E-02
   15.5000000      -1.44893015E-02
   15.6000023      -9.43973474E-03
   15.7000008      -5.08552045E-03
   15.7999992      -1.52993156E-03
   15.9000015       9.73534537E-04
   16.0000000       2.05725641E-03
   16.1000023       1.49061927E-03
   16.2000008      -5.65051159E-04
   16.2999992      -3.52510531E-03
   16.4000015      -6.62155636E-03
   16.5000000      -9.24589485E-03
   16.6000023      -1.11561278E-02
   16.7000008      -1.24324569E-02
   16.7999992      -1.32638328E-02
   16.9000015      -1.37567241E-02
   17.0000000      -1.38978912E-02
   17.1000023      -1.36503959E-02
   17.2000008      -1.30647402E-02
   17.2999992      -1.23178028E-02
   17.4000015      -1.16805565E-02
   17.5000000      -1.14547629E-02
   17.6000023      -1.18924016E-02
   17.7000008      -1.30956778E-02
   17.7999992      -1.49302203E-02
   17.9000015      -1.70238595E-02
   18.0000000      -1.88967511E-02
   18.1000023      -2.01783590E-02
   18.2000008      -2.07897220E-02
   18.2999992      -2.09834017E-02
   18.4000015      -2.12280676E-02
   18.5000000      -2.20122132E-02
   18.6000023      -2.36521885E-02
   18.7000008      -2.61513386E-02
   18.7999992      -2.91410759E-02
   18.9000015      -3.19507755E-02
   19.0000000      -3.38290185E-02
   19.0999985      -3.42394263E-02
   19.2000046      -3.30655016E-02
   19.3000031      -3.06013413E-02
   19.4000015      -2.73675211E-02
   19.5000000      -2.39060912E-02
   19.5999985      -2.06560325E-02
   19.7000046      -1.78794246E-02
   19.8000031      -1.55870933E-02
   19.9000015      -1.35158589E-02
   20.0000000      -1.12527562E-02
   20.0999985      -8.47812928E-03
   20.2000046      -5.15400339E-03
   20.3000031      -1.51301187E-03
   20.4000015       2.11637025E-03
   20.5000000       5.48398215E-03
   20.5999985       8.46702512E-03
   20.7000046       1.10019147E-02
   20.8000031       1.29999733E-02
   20.9000015       1.43493079E-02
   21.0000000       1.50314700E-02
   21.0999985       1.52660822E-02
   21.2000046       1.55126797E-02
   21.3000031       1.62204243E-02
   21.4000015       1.74474660E-02
   21.5000000       1.86831281E-02
   21.5999985       1.91271901E-02
   21.7000046       1.82889812E-02
   21.8000031       1.64228212E-02
   21.9000015       1.44034661E-02
   22.0000000       1.31267803E-02
   22.0999985       1.29287690E-02
   22.2000046       1.34602040E-02
   22.3000031       1.40260160E-02
   22.4000015       1.40352985E-02
   22.5000000       1.32196546E-02
   22.5999985       1.15685994E-02
   22.7000046       9.17094108E-03
   22.8000031       6.14221580E-03
   22.9000015       2.65456364E-03
   23.0000000      -1.02644938E-03
   23.0999985      -4.57065506E-03
   23.2000046      -7.66347535E-03
   23.3000031      -1.00720515E-02
   23.4000015      -1.16490917E-02
   23.5000000      -1.22903697E-02
   23.5999985      -1.19150765E-02
   23.7000046      -1.05232056E-02
   23.8000031      -8.29890743E-03
   23.9000015      -5.65640582E-03
   24.0000000      -3.15228198E-03
   24.0999985      -1.29915087E-03
   24.2000046      -3.98376200E-04
   24.3000031      -4.80632036E-04
   24.4000015      -1.34524633E-03
   24.5000000      -2.63428222E-03
   24.5999985      -3.91128380E-03
   24.7000046      -4.76608472E-03
   24.8000031      -4.94881161E-03
   24.9000015      -4.46299231E-03
   25.0000000      -3.52553278E-03
   25.0999985      -2.38577416E-03
   25.2000046      -1.11880794E-03
   25.3000031       4.56245034E-04
   25.4000015       2.67341617E-03
   25.5000000       5.80703933E-03
   25.5999985       9.87646449E-03
   25.7000046       1.45414472E-02
   25.8000031       1.90902520E-02
   25.9000015       2.25280654E-02
   26.0000000       2.38159131E-02
   26.0999985       2.22656131E-02
   26.2000046       1.79379098E-02
   26.3000031       1.17759341E-02
   26.4000015       5.30413026E-03
   26.5000000       3.68137489E-06
   26.5999985      -3.28223547E-03
   26.7000046      -4.56726179E-03
   26.8000031      -4.47537797E-03
   26.9000015      -3.74723575E-03
   27.0000000      -2.84179091E-03
   27.0999985      -1.84613606E-03
   27.2000046      -6.57099532E-04
   27.3000031       7.69476406E-04
   27.4000015       2.29619863E-03
   27.5000000       3.66170751E-03
   27.5999985       4.61834949E-03
   27.7000046       4.99702198E-03
   27.8000031       4.64171125E-03
   27.9000015       3.31889885E-03
   28.0000000       7.65588833E-04
   28.0999985      -3.09693697E-03
   28.2000046      -7.95872696E-03
   28.3000031      -1.31368600E-02
   28.4000015      -1.78337973E-02
   28.5000000      -2.14475133E-02
   28.5999985      -2.37214472E-02
   28.7000046      -2.46807840E-02
   28.8000031      -2.44555566E-02
   28.9000015      -2.31220890E-02
   29.0000000      -2.06439570E-02
   29.0999985      -1.69365723E-02
   29.2000046      -1.20250601E-02
   29.3000031      -6.20050449E-03
   29.4000015      -5.20116082E-05
   29.5000000       5.67764696E-03
   29.5999985       1.03309881E-02
   29.7000046       1.35146137E-02
   29.8000031       1.51301790E-02
   29.9000015       1.53090935E-02
   30.0000000       1.43635888E-02
   30.0999985       1.27926273E-02
   30.2000046       1.12638911E-02
   30.3000031       1.04763824E-02
   30.4000015       1.09189190E-02
   30.5000000       1.26647912E-02
   30.5999985       1.53453760E-02
   30.7000046       1.83191318E-02
   30.8000031       2.09208913E-02
   30.9000015       2.26575695E-02
   31.0000000       2.32968554E-02
   31.0999985       2.28654649E-02
   31.2000046       2.15745866E-02
   31.3000031       1.96773242E-02
   31.4000015       1.73042398E-02
   31.5000000       1.43828085E-02
   31.5999985       1.07267071E-02
   31.7000046       6.25874521E-03
   31.8000031       1.21246150E-03
   31.9000015      -3.83977918E-03
   32.0000000      -8.15598201E-03
   32.0999985      -1.10805482E-02
   32.2000046      -1.22463694E-02
   32.3000031      -1.16567332E-02
   32.4000015      -9.66542494E-03
   32.5000000      -6.89373817E-03
   32.5999985      -4.08979598E-03
   32.7000046      -1.92053604E-03
   32.8000031      -7.36159040E-04
   32.9000015      -4.25845705E-04
   33.0000000      -4.94260283E-04
   33.0999985      -3.67988163E-04
   33.2000046       2.44161842E-04
   33.3000031       1.19047845E-03
   33.4000015       2.03012954E-03
   33.5000000       2.36251252E-03
   33.5999985       2.06165481E-03
   33.7000046       1.25997257E-03
   33.8000031       1.56156791E-04
   33.9000015      -1.16188510E-03
   34.0000000      -2.75562587E-03
   34.0999985      -4.73635737E-03
   34.2000046      -7.09298579E-03
   34.3000031      -9.53724328E-03
   34.4000015      -1.14772972E-02
   34.5000000      -1.21964822E-02
   34.5999985      -1.11821098E-02
   34.7000046      -8.41671880E-03
   34.8000031      -4.45355428E-03
   34.9000015      -2.44410854E-04
   35.0000000       3.17694875E-03
   35.0999985       5.02639357E-03
   35.2000046       5.02013229E-03
   35.3000031       3.46509460E-03
   35.4000015       1.13073667E-03
   35.5000000      -1.07316428E-03
   35.5999985      -2.46989494E-03
   35.7000046      -2.84936070E-03
   35.8000031      -2.45285383E-03
   35.9000015      -1.75648171E-03
   36.0000000      -1.21226243E-03
   36.0999985      -1.09844166E-03
   36.2000046      -1.52788265E-03
   36.3000031      -2.54607061E-03
   36.4000015      -4.19623405E-03
   36.5000000      -6.47113053E-03
   36.5999985      -9.18378960E-03
   36.7000046      -1.18838660E-02
   36.8000031      -1.39323417E-02
   36.9000015      -1.47247994E-02
   37.0000000      -1.39365057E-02
   37.0999985      -1.16550392E-02
   37.2000046      -8.35582055E-03
   37.3000031      -4.76336107E-03
   37.4000015      -1.66739791E-03
   37.5000000       2.55915977E-04
   37.5999985       5.92576747E-04
   37.7000046      -7.01250625E-04
   37.8000031      -3.25180450E-03
   37.9000015      -6.32993132E-03
   38.0000000      -9.06968955E-03
   38.0999985      -1.07996427E-02
   38.2000046      -1.13128833E-02
   38.3000031      -1.08799133E-02
   38.4000015      -9.97554697E-03
   38.5000000      -8.92043207E-03
   38.5999985      -7.70662678E-03
   38.7000046      -6.11382443E-03
   38.8000031      -3.98624130E-03
   38.9000015      -1.43937196E-03
   39.0000000       1.14500581E-03
   39.0999985       3.31124896E-03
   39.2000046       4.77235066E-03
   39.3000031       5.55525767E-03
   39.4000015       5.97184943E-03
   39.5000000       6.44096080E-03
   39.5999985       7.26585789E-03
   39.7000046       8.48261639E-03
   39.8000031       9.84339975E-03
   39.9000015       1.09317349E-02
   40.0000000       1.13600548E-02
   40.0999985       1.09680826E-02
   40.2000046       9.92334913E-03
   40.3000031       8.65479279E-03
   40.4000015       7.64263747E-03
   40.5000000       7.18578137E-03
   40.5999985       7.28496630E-03
   40.7000046       7.70020438E-03
   40.8000031       8.13639909E-03
   40.9000015       8.45376775E-03
   41.0000000       8.79654102E-03
   41.0999985       9.56568960E-03
   41.2000046       1.12248119E-02
   41.3000031       1.40159614E-02
   41.4000015       1.77303348E-02
   41.5000000       2.16801725E-02
   41.5999985       2.49325912E-02
   41.7000046       2.67190356E-02
   41.8000031       2.67998204E-02
   41.9000015       2.55532730E-02
   42.0000000       2.37214230E-02
   42.0999985       2.19779704E-02
   42.2000046       2.05953717E-02
   42.3000031       1.93916578E-02
   42.4000015       1.79374386E-02
   42.5000000       1.58679765E-02
   42.5999985       1.31358365E-02
   42.7000046       1.00998562E-02
   42.8000031       7.41750700E-03
   42.9000015       5.77791035E-03
   43.0000000       5.58370538E-03
   43.0999985       6.73245126E-03
   43.2000046       8.62310547E-03
   43.3000031       1.04078306E-02
   43.4000015       1.13692190E-02
   43.5000000       1.12185683E-02
   43.5999985       1.01576913E-02
   43.7000046       8.70048068E-03
   43.8000031       7.39380810E-03
   43.9000015       6.59903325E-03
   44.0000000       6.40753703E-03
   44.0999985       6.66832412E-03
   44.2000046       7.07949745E-03
   44.3000031       7.31468620E-03
   44.4000015       7.15804053E-03
   44.5000000       6.59580482E-03
   44.5999985       5.80729451E-03
   44.7000046       5.05004358E-03
   44.8000031       4.51419828E-03
   44.9000015       4.24906611E-03
   45.0000000       4.19350853E-03
   45.0999985       4.23362106E-03
   45.2000046       4.19542892E-03
   45.3000031       3.79297114E-03
   45.4000015       2.66097486E-03
   45.5000000       5.47898584E-04
   45.5999985      -2.44042184E-03
   45.7000046      -5.76721365E-03
   45.8000031      -8.67449678E-03
   45.9000015      -1.05524445E-02
   46.0000000      -1.12048453E-02
   46.0999985      -1.08335009E-02
   46.2000046      -9.79464781E-03
   46.3000031      -8.35014507E-03
   46.4000015      -6.60634693E-03
   46.5000000      -4.64745099E-03
   46.5999985      -2.70527205E-03
   46.7000046      -1.19963475E-03
   46.8000031      -6.06937625E-04
   46.9000015      -1.23988581E-03
   47.0000000      -3.06667504E-03
   47.0999985      -5.67246042E-03
   47.2000046      -8.39832239E-03
   47.3000031      -1.05951969E-02
   47.4000015      -1.18477391E-02
   47.5000000      -1.20378947E-02
   47.5999985      -1.12409592E-02
   47.7000046      -9.56894271E-03
   47.8000031      -7.08496850E-03
   47.9000015      -3.82599188E-03
   48.0000000       1.06583240E-04
   48.0999985       4.45013028E-03
   48.2000046       8.73731636E-03
   48.3000031       1.23612201E-02
   48.4000015       1.47671942E-02
   48.5000000       1.56994537E-02
   48.5999985       1.53451329E-02
   48.7000046       1.42379170E-02
   48.8000031       1.29393348E-02
   48.9000015       1.17058894E-02
   49.0000000       1.03976820E-02
   49.0999985       8.71153269E-03
   49.2000046       6.55443314E-03
   49.3000031       4.24742838E-03
   49.4000015       2.38605938E-03
   49.5000000       1.46208948E-03
   49.5999985       1.52746821E-03
   49.7000046       2.12202827E-03
   49.8000031       2.48420262E-03
   49.9000015       1.90798624E-03
   50.0000000       8.11285281E-05
   50.0999985      -2.72627058E-03
   50.2000046      -5.71929896E-03
   50.3000031      -7.91120250E-03
   50.4000015      -8.61376524E-03
   50.5000000      -7.81316496E-03
   50.5999985      -6.16631657E-03
   50.7000046      -4.59044008E-03
   50.8000031      -3.72398645E-03
   50.9000015      -3.63415433E-03
   51.0000000      -3.93331610E-03
   51.0999985      -4.14553052E-03
   51.2000046      -4.02370235E-03
   51.3000031      -3.63414455E-03
   51.4000015      -3.22958361E-03
   51.5000000      -3.04400688E-03
   51.5999985      -3.13796452E-03
   51.7000046      -3.36934626E-03
   51.8000031      -3.49830976E-03
   51.9000015      -3.35496152E-03
   52.0000000      -2.94677960E-03
   52.0999985      -2.42506876E-03
   52.2000046      -1.95107434E-03
   52.3000031      -1.58796343E-03
   52.4000015      -1.30330003E-03
   52.5000000      -1.04755803E-03
   52.5999985      -8.10578757E-04
   52.7000046      -6.08138216E-04
   52.8000031      -4.42029384E-04
   52.9000015      -3.00466258E-04
   53.0000000      -2.03734060E-04
   53.0999985      -2.28089295E-04
   53.2000046      -4.43805446E-04
   53.3000031      -7.86623976E-04
   53.4000015      -9.73614515E-04
   53.5000000      -5.80928638E-04
   53.5999985       7.06501596E-04
   53.7000046       2.81603541E-03
   53.8000031       5.19450940E-03
   53.9000015       7.02510960E-03
   54.0000000       7.66294124E-03
   54.0999985       7.01614749E-03
   54.2000046       5.60595607E-03
   54.3000031       4.25284822E-03
   54.4000015       3.60309752E-03
   54.5000000       3.81551427E-03
   54.5999985       4.58798558E-03
   54.7000046       5.44242747E-03
   54.8000031       6.02549035E-03
   54.9000015       6.23089401E-03
   55.0000000       6.12788834E-03
   55.0999985       5.82185620E-03
   55.2000046       5.38270269E-03
   55.3000031       4.87981224E-03
   55.4000015       4.45176102E-03
   55.5000000       4.29712562E-03
   55.5999985       4.53786366E-03
   55.7000046       5.04216272E-03
   55.8000031       5.38378628E-03
   55.9000015       5.04473597E-03
   56.0000000       3.76212713E-03
   56.0999985       1.76296686E-03
   56.2000046      -3.09526426E-04
   56.3000031      -1.73912768E-03
   56.4000015      -2.11629155E-03
   56.5000000      -1.52601860E-03
   56.5999985      -4.69744613E-04
   56.7000046       4.05995117E-04
   56.8000031       6.38523547E-04
   56.9000015       1.88920196E-04
   57.0000000      -5.38885011E-04
   57.0999985      -9.48091852E-04
   57.2000046      -6.49731955E-04
   57.3000031       2.45138595E-04
   57.4000015       1.16052129E-03
   57.5000000       1.40395341E-03
   57.5999985       5.80224791E-04
   57.7000046      -1.20833062E-03
   57.8000031      -3.46947345E-03
   57.9000015      -5.60888136E-03
   58.0000000      -7.18242582E-03
   58.0999985      -7.97921605E-03
   58.2000046      -7.95894768E-03
   58.3000031      -7.16619426E-03
   58.4000015      -5.71099157E-03
   58.5000000      -3.79298744E-03
   58.5999985      -1.68564718E-03
   58.7000046       3.48751375E-04
   58.8000031       2.15164456E-03
   58.9000015       3.69382370E-03
   59.0000000       5.03396336E-03
   59.0999985       6.26768451E-03
   59.2000046       7.49673788E-03
   59.3000031       8.78386851E-03
   59.4000015       1.00626955E-02
   59.5000000       1.10555775E-02
   59.5999985       1.13095259E-02
   59.7000046       1.03919785E-02
   59.8000031       8.13637115E-03
   59.9000015       4.75070998E-03
   60.0000000       7.01344456E-04
   60.0999985      -3.52687715E-03
   60.2000046      -7.60375615E-03
   60.3000031      -1.13614211E-02
   60.4000015      -1.46961194E-02
   60.5000000      -1.74837373E-02
   60.5999985      -1.95643026E-02
   60.7000046      -2.07706969E-02
   60.8000031      -2.09670495E-02
   60.9000015      -2.00905781E-02
   61.0000000      -1.81921497E-02
   61.0999985      -1.54509796E-02
   61.2000046      -1.21481167E-02
   61.3000031      -8.62046983E-03
   61.4000015      -5.22549776E-03
   61.5000000      -2.31016637E-03
   61.5999985      -1.48661027E-04
   61.7000046       1.15720264E-03
   61.8000031       1.75766076E-03
   61.9000015       2.03170464E-03
   62.0000000       2.42948486E-03
   62.0999985       3.24639445E-03
   62.2000046       4.46004141E-03
   62.3000031       5.73804509E-03
   62.4000015       6.62049325E-03
   62.5000000       6.76853675E-03
   62.5999985       6.12758938E-03
   62.7000046       4.90855705E-03
   62.8000031       3.40998871E-03
   62.9000015       1.81376061E-03
   63.0000000       1.06508276E-04
   63.0999985      -1.81934563E-03
   63.2000046      -3.97830782E-03
   63.3000031      -6.17834646E-03
   63.4000015      -8.06874875E-03
   63.5000000      -9.30216070E-03
   63.5999985      -9.69492458E-03
   63.7000046      -9.30350646E-03
   63.8000031      -8.40156339E-03
   63.9000015      -7.37670111E-03
   64.0000000      -6.57994580E-03
   64.0999985      -6.18932489E-03
   64.2000046      -6.16698898E-03
   64.3000031      -6.34061545E-03
   64.4000015      -6.53867517E-03
   64.5000000      -6.65652286E-03
   64.5999985      -6.59916224E-03
   64.7000046      -6.17984682E-03
   64.8000031      -5.11634396E-03
   64.9000015      -3.18967900E-03
   65.0000000      -4.75999317E-04
   65.0999985       2.53240881E-03
   65.2000046       5.05024381E-03
   65.3000031       6.33533392E-03
   65.4000015       6.04972336E-03
   65.5000000       4.42553638E-03
   65.5999985       2.13300157E-03
   65.7000046      -6.59693687E-05
   65.8000031      -1.66894868E-03
   65.9000015      -2.59465096E-03
   66.0000000      -3.09838215E-03
   66.0999985      -3.53827234E-03
   66.2000046      -4.15295316E-03
   66.3000031      -4.96111717E-03
   66.4000015      -5.79502946E-03
   66.5000000      -6.41269190E-03
   66.5999985      -6.62016170E-03
   66.7000046      -6.34929305E-03
   66.8000031      -5.65876579E-03
   66.9000015      -4.66408581E-03
   67.0000000      -3.44988238E-03
   67.0999985      -2.03453773E-03
   67.2000046      -4.15377377E-04
   67.3000031       1.34670432E-03
   67.4000015       3.07847816E-03
   67.5000000       4.52601584E-03
   67.5999985       5.44749154E-03
   67.7000046       5.70427394E-03
   67.8000031       5.29475044E-03
   67.9000015       4.31816326E-03
   68.0000000       2.89902976E-03
   68.0999985       1.11991598E-03
   68.2000046      -9.96262999E-04
   68.3000031      -3.43491021E-03
   68.4000015      -6.08854461E-03
   68.5000000      -8.67638458E-03
   68.5999985      -1.07753873E-02
   68.7000046      -1.19882273E-02
   68.8000031      -1.21495090E-02
   68.9000015      -1.14100920E-02
   69.0000000      -1.01294527E-02
   69.0999985      -8.67052283E-03
   69.2000046      -7.26238918E-03
   69.3000031      -6.00938778E-03
   69.4000015      -4.98781446E-03
   69.5000000      -4.31801379E-03
   69.5999985      -4.15082322E-03
   69.7000046      -4.58872272E-03
   69.8000031      -5.60441427E-03
   69.9000015      -7.00828200E-03
   70.0000000      -8.47449992E-03
   70.0999985      -9.60334018E-03
   70.2000046      -9.99958999E-03
   70.3000031      -9.36791021E-03
   70.4000015      -7.62129109E-03
   70.5000000      -4.95915161E-03
   70.5999985      -1.84450415E-03
   70.7000046       1.14915823E-03
   70.8000031       3.55817028E-03
   70.9000015       5.19141788E-03
   71.0000000       6.14622422E-03
   71.0999985       6.69265632E-03
   71.2000046       7.12324120E-03
   71.3000031       7.65672419E-03
   71.4000015       8.40851292E-03
   71.5000000       9.37851612E-03
   71.5999985       1.04207788E-02
   71.7000046       1.12265861E-02
   71.8000031       1.13894958E-02
   71.9000015       1.05686001E-02
   72.0000000       8.66660196E-03
   72.0999985       5.89922769E-03
   72.2000046       2.70542223E-03
   72.3000031      -4.30928572E-04
   72.4000015      -3.12561402E-03
   72.5000000      -5.13910828E-03
   72.5999985      -6.34948583E-03
   72.7000046      -6.71940017E-03
   72.8000031      -6.29207725E-03
   72.9000015      -5.20126801E-03
   73.0000000      -3.66475713E-03
   73.0999985      -1.95465609E-03
   73.2000046      -3.66469700E-04
   73.3000031       7.99460278E-04
   73.4000015       1.27151352E-03
   73.5000000       8.98822444E-04
   73.5999985      -2.15546068E-04
   73.7000046      -1.64987543E-03
   73.8000031      -2.78346520E-03
   73.9000015      -3.08480370E-03
   74.0000000      -2.39083543E-03
   74.0999985      -9.75607603E-04
   74.2000046       6.40288519E-04
   74.3000031       1.99405383E-03
   74.4000015       2.88506481E-03
   74.5000000       3.36350384E-03
   74.5999985       3.55424383E-03
   74.7000046       3.47594288E-03
   74.8000031       3.00139142E-03
   74.9000015       1.98671804E-03
   75.0000000       4.59638570E-04
   75.0999985      -1.29559741E-03
   75.2000046      -2.83800485E-03
   75.3000031      -3.78598366E-03
   75.4000015      -3.98893654E-03
   75.5000000      -3.53541854E-03
   75.5999985      -2.60938122E-03
   75.7000046      -1.31680653E-03
   75.8000031       3.81527614E-04
   75.9000015       2.57636863E-03
   76.0000000       5.21793170E-03
   76.0999985       7.96999130E-03
   76.2000046       1.02466708E-02
   76.3000031       1.14567578E-02
   76.4000015       1.13210389E-02
   76.5000000       1.00419801E-02
   76.5999985       8.19019321E-03
   76.7000046       6.38529100E-03
   76.8000031       5.00493590E-03
   76.9000015       4.11222875E-03
   77.0000000       3.59646836E-03
   77.0999985       3.36615415E-03
   77.2000046       3.43910884E-03
   77.3000031       3.89728951E-03
   77.4000015       4.77816816E-03
   77.5000000       5.98759996E-03
   77.5999985       7.27595203E-03
   77.7000046       8.28394946E-03
   77.8000031       8.64837691E-03
   77.9000015       8.13162420E-03
   78.0000000       6.71220059E-03
   78.0999985       4.58924845E-03
   78.2000046       2.11318349E-03
   78.3000031      -3.06545320E-04
   78.4000015      -2.28945515E-03
   78.5000000      -3.57794715E-03
   78.5999985      -4.12942888E-03
   78.7000046      -4.14456567E-03
   78.8000031      -3.97130800E-03
   78.9000015      -3.91630549E-03
   79.0000000      -4.08837106E-03
   79.0999985      -4.38219961E-03
   79.2000046      -4.59533837E-03
   79.3000031      -4.57536848E-03
   79.4000015      -4.29922715E-03
   79.5000000      -3.86209623E-03
   79.5999985      -3.41842091E-03
   79.7000046      -3.13218101E-03
   79.8000031      -3.16150812E-03
   79.9000015      -3.65345692E-03
   80.0000000      -4.70096013E-03
   80.0999985      -6.25205785E-03
   80.2000046      -8.03736039E-03
   80.3000031      -9.61212255E-03
   80.4000015      -1.05341785E-02
   80.5000000      -1.05733192E-02
   80.5999985      -9.80084576E-03
   80.7000046      -8.50311760E-03
   80.8000031      -7.00557511E-03
   80.9000015      -5.54184103E-03
   81.0000000      -4.22203494E-03
   81.0999985      -3.05557088E-03
   81.2000046      -1.96793280E-03
   81.3000031      -8.07878794E-04
   81.4000015       6.15749450E-04
   81.5000000       2.44405470E-03
   81.5999985       4.65190085E-03
   81.7000046       6.97140303E-03
   81.8000031       8.92235618E-03
   81.9000015       9.97103378E-03
   82.0000000       9.75851808E-03
   82.0999985       8.27722345E-03
   82.2000046       5.88941295E-03
   82.3000031       3.17490799E-03
   82.4000015       6.92471163E-04
   82.5000000      -1.22698105E-03
   82.5999985      -2.56720535E-03
   82.7000046      -3.55948647E-03
   82.8000031      -4.49466333E-03
   82.9000015      -5.52252959E-03
   83.0000000      -6.57827919E-03
   83.1000061      -7.49400351E-03
   83.1999969      -8.19143280E-03
   83.3000031      -8.76554009E-03
   83.4000092      -9.37251374E-03
   83.5000000      -1.00389430E-02
   83.6000061      -1.05899032E-02
   83.6999969      -1.07617080E-02
   83.8000031      -1.03760725E-02
   83.9000092      -9.41689406E-03
   84.0000000      -7.98053015E-03
   84.1000061      -6.19294168E-03
   84.1999969      -4.17484110E-03
   84.3000031      -2.04408937E-03
   84.4000092       9.61457408E-05
   84.5000000       2.18731258E-03
   84.6000061       4.21156548E-03
   84.6999969       6.12242240E-03
   84.8000031       7.75785465E-03
   84.9000092       8.82953964E-03
   85.0000000       9.03269555E-03
   85.1000061       8.21677037E-03
   85.1999969       6.49598287E-03
   85.3000031       4.21739183E-03
   85.4000092       1.80872134E-03
   85.5000000      -3.89987108E-04
   85.6000061      -2.20870832E-03
   85.6999969      -3.61666433E-03
   85.8000031      -4.63164551E-03
   85.9000092      -5.25039015E-03
   86.0000000      -5.44432504E-03
   86.1000061      -5.20138210E-03
   86.1999969      -4.55710199E-03
   86.3000031      -3.58139770E-03
   86.4000092      -2.34718341E-03
   86.5000000      -9.33054020E-04
   86.6000061       5.35358093E-04
   86.6999969       1.86722027E-03
   86.8000031       2.86475965E-03
   86.9000092       3.42351734E-03
   87.0000000       3.58025893E-03
   87.1000061       3.46409134E-03
   87.1999969       3.20745772E-03
   87.3000031       2.90238648E-03
   87.4000092       2.61772797E-03
   87.5000000       2.42513465E-03
   87.6000061       2.39565643E-03
   87.6999969       2.58632330E-03
   87.8000031       3.04707256E-03
   87.9000092       3.83556844E-03
   88.0000000       5.00174938E-03
   88.1000061       6.53621787E-03
   88.1999969       8.32362659E-03
   88.3000031       1.01472940E-02
   88.4000092       1.17534241E-02
   88.5000000       1.29407607E-02
   88.6000061       1.36218229E-02
   88.6999969       1.38155371E-02
   88.8000031       1.35781877E-02
   88.9000092       1.29324235E-02
   89.0000000       1.18626570E-02
   89.1000061       1.03878817E-02
   89.1999969       8.65041371E-03
   89.3000031       6.93983631E-03
   89.4000092       5.61919343E-03
   89.5000000       4.98671597E-03
   89.6000061       5.14057744E-03
   89.6999969       5.90811204E-03
   89.8000031       6.87569333E-03
   89.9000092       7.52091408E-03
   90.0000000       7.40387244E-03
   90.1000061       6.33480446E-03
   90.1999969       4.43962915E-03
   90.3000031       2.10107444E-03
   90.4000092      -1.84790726E-04
   90.5000000      -1.97779760E-03
   90.6000061      -3.04182828E-03
   90.6999969      -3.42414412E-03
   90.8000031      -3.41373216E-03
   90.9000092      -3.37440893E-03
   91.0000000      -3.54572060E-03
   91.1000061      -3.95133812E-03
   91.1999969      -4.46971925E-03
   91.3000031      -4.97431355E-03
   91.4000092      -5.39901946E-03
   91.5000000      -5.68645494E-03
   91.6000061      -5.71183069E-03
   91.6999969      -5.29401517E-03
   91.8000031      -4.29921551E-03
   91.9000092      -2.74084369E-03
   92.0000000      -7.84076459E-04
   92.1000061       1.34664087E-03
   92.1999969       3.48357880E-03
   92.3000031       5.57801966E-03
   92.4000092       7.67875137E-03
   92.5000000       9.84106585E-03
   92.6000061       1.20065669E-02
   92.6999969       1.39135849E-02
   92.8000031       1.51093537E-02
   92.9000092       1.51026007E-02
   93.0000000       1.36081567E-02
   93.1000061       1.07458532E-02
   93.1999969       7.05184834E-03
   93.3000031       3.26987985E-03
   93.4000092       4.31083427E-05
   93.5000000      -2.29871646E-03
   93.6000061      -3.73269594E-03
   93.6999969      -4.36246116E-03
   93.8000031      -4.24573105E-03
   93.9000092      -3.39579815E-03
   94.0000000      -1.95418694E-03
   94.1000061      -3.48543719E-04
   94.1999969       7.70856568E-04
   94.3000031       8.35354091E-04
   94.4000092      -3.14867415E-04
   94.5000000      -2.35119741E-03
   94.6000061      -4.69144853E-03
   94.6999969      -6.84270961E-03
   94.8000031      -8.56985990E-03
   94.9000092      -9.79427621E-03
   95.0000000      -1.03784930E-02
   95.1000061      -1.00323558E-02
   95.1999969      -8.44274182E-03
   95.3000031      -5.53300139E-03
   95.4000092      -1.65958132E-03
   95.5000000       2.40580365E-03
   95.6000061       5.73302386E-03
   95.6999969       7.61255296E-03
   95.8000031       7.85346422E-03
   95.9000092       6.82872720E-03
   96.0000000       5.24596591E-03
   96.1000061       3.78707703E-03
   96.1999969       2.81595392E-03
   96.3000031       2.28063297E-03
   96.4000092       1.82302296E-03
   96.5000000       1.02841121E-03
   96.6000061      -3.01849213E-04
   96.6999969      -1.99771090E-03
   96.8000031      -3.59328790E-03
   96.9000092      -4.60145716E-03
   97.0000000      -4.81504668E-03
   97.1000061      -4.42015054E-03
   97.1999969      -3.83892632E-03
   97.3000031      -3.42142116E-03
   97.4000092      -3.20802908E-03
   97.5000000      -2.91419937E-03
   97.6000061      -2.12894287E-03
   97.6999969      -5.93062723E-04
   97.8000031       1.60686928E-03
   97.9000092       4.03574808E-03
   98.0000000       6.09352859E-03
   98.1000061       7.27260765E-03
   98.1999969       7.34064309E-03
   98.3000031       6.36644103E-03
   98.4000092       4.61818976E-03
   98.5000000       2.43367953E-03
   98.6000061       1.44125457E-04
   98.6999969      -1.94027321E-03
   98.8000031      -3.53496196E-03
   98.9000092      -4.42492636E-03
   99.0000000      -4.54272702E-03
   99.1000061      -4.02118638E-03
   99.1999969      -3.15594813E-03
   99.3000031      -2.26645963E-03
   99.4000092      -1.52587774E-03
   99.5000000      -8.78489926E-04
   99.6000061      -1.20319964E-04
   99.6999969       9.04964865E-04
   99.8000031       2.14622146E-03
   99.9000092       3.34915309E-03
   100.000000       4.21376480E-03
   100.100006       4.56798077E-03
   100.199997       4.42171190E-03
   100.300003       3.87921813E-03
   100.400009       3.00309202E-03
   100.500000       1.74860680E-03
   100.600006       2.17579782E-05
   100.699997      -2.18093279E-03
   100.800003      -4.65208851E-03
   100.900009      -6.96759438E-03
   101.000000      -8.62340070E-03
   101.100006      -9.25560668E-03
   101.199997      -8.82928912E-03
   101.300003      -7.69461412E-03
   101.400009      -6.47886796E-03
   101.500000      -5.86519297E-03
   101.600006      -6.36258954E-03
   101.699997      -8.17090459E-03
   101.800003      -1.11769829E-02
   101.900009      -1.50172701E-02
   102.000000      -1.91081204E-02
   102.100006      -2.26444472E-02
   102.199997      -2.47015338E-02
   102.300003      -2.45428495E-02
   102.400009      -2.20092833E-02
   102.500000      -1.76874381E-02
   102.600006      -1.26726096E-02
   102.699997      -8.06642696E-03
   102.800003      -4.55096457E-03
   102.900009      -2.27236981E-03
   103.000000      -1.00318471E-03
   103.100006      -3.91310517E-04
   103.199997      -1.34806643E-04
   103.300003      -4.10053035E-05
   103.400009      -1.10201208E-05
   103.500000      -2.63274364E-06
   103.600006      -5.75220440E-07
   103.699997      -1.29341899E-07
   103.800003      -4.31274003E-08
   103.900009      -2.07375983E-08
   104.000000      -2.06603623E-08
   104.100006      -3.27423706E-08
   104.199997      -4.57758489E-08
   104.300003      -6.16217619E-08
   104.400009      -6.49922143E-08
   104.500000      -7.19245179E-08
   104.600006      -5.94053944E-08
   104.699997      -4.16181969E-08
   104.800003      -1.63289275E-08
   104.900009       4.84466822E-09
   105.000000       3.32231416E-08
   105.100006       4.95660615E-08
   105.199997       6.79595402E-08
   105.300003       7.58619336E-08
   105.400009       7.71867192E-08
   105.500000       6.78343142E-08
   105.600006       5.88916009E-08
   105.699997       4.73971262E-08
   105.800003       3.35231363E-08
   105.900009       1.75294605E-08
   106.000000       7.62072627E-09
   106.100006       4.24468194E-09
   106.199997       4.85362328E-09
   106.300003       1.02297166E-08
   106.400009       1.64940364E-08
   106.500000       2.57571706E-08
   106.600006       2.35908928E-08
   106.699997       2.52089549E-08
   106.800003       2.33429507E-08
   106.900009       1.66738712E-08
   107.000000       7.07119030E-09
   107.100006      -9.73224945E-10
   107.199997      -1.95770511E-08
   107.300003      -3.13091029E-08
   107.400009      -3.99266789E-08
   107.500000      -1.85249895E-08
   107.600006       1.37749971E-08
   107.699997       6.65126052E-08
   107.800003       1.14173766E-07
   107.900009       1.56056700E-07
   108.000000       1.72625732E-07
   108.100006       1.68174495E-07
   108.199997       1.36785204E-07
   108.300003       8.64820322E-08
   108.400009       2.12693028E-08
   108.500000      -4.10503915E-08
   108.600006      -9.70187415E-08
   108.699997      -1.34455220E-07
   108.800003      -1.52302590E-07
   108.900009      -1.37160342E-07
   109.000000      -1.04767210E-07
   109.100006      -6.01979124E-08
   109.199997      -1.97295993E-08
   109.300003       3.01616421E-09
   109.400009       2.39127135E-10
   109.500000      -2.29973427E-08
   109.600006      -6.00418346E-08
   109.699997      -9.98670515E-08
   109.800003      -1.31622514E-07
   109.900009      -1.43467616E-07
   110.000000      -1.35526179E-07
   110.100006      -1.09064366E-07
   110.199997      -6.76524152E-08
   110.300003      -1.73148198E-08
   110.400009       3.43347537E-08
   110.500000       7.49686677E-08
   110.600006       9.48991925E-08
   110.699997       8.89558578E-08
   110.800003       6.16049718E-08
   110.900009       1.91570368E-08
   111.000000      -1.27183739E-08
   111.100006      -3.56107748E-08
   111.199997      -2.30345627E-08
   111.300003       1.11434089E-08
   111.400009       6.64373303E-08
   111.500000       1.21405506E-07
   111.600006       1.58853183E-07
   111.699997       1.73512561E-07
   111.800003       1.57984331E-07
   111.900009       1.22868641E-07
   112.000000       7.02595173E-08
   112.100006       1.54948516E-08
   112.199997      -3.90465331E-08
   112.300003      -9.44815568E-08
   112.400009      -1.53174753E-07
   112.500000      -2.03727566E-07
   112.600006      -2.44007310E-07
   112.699997      -2.58994106E-07
   112.800003      -2.53529180E-07
   112.900009      -2.28830260E-07
   113.000000      -1.99112009E-07
   113.100006      -1.65394098E-07
   113.199997      -1.29698165E-07
   113.300003      -1.00081337E-07
   113.400009      -7.17394713E-08
   113.500000      -5.12775920E-08
   113.600006      -2.49503778E-08
   113.699997      -6.29706154E-09
   113.800003       1.53108530E-08
   113.900009       2.89168938E-08
   114.000000       4.28980655E-08
   114.100006       5.22850314E-08
   114.199997       7.07536500E-08
   114.300003       8.00702367E-08
   114.400009       9.27124901E-08
   114.500000       9.05213113E-08
   114.600006       7.49121369E-08
   114.699997       5.10626705E-08
   114.800003       3.33436141E-08
   114.900009       1.28329001E-08
   115.000000       1.46822177E-09
   115.100006      -5.02390884E-09
   115.199997      -4.59433780E-09
   115.300003      -8.01763722E-09
   115.400009       2.62013189E-10
   115.500000       1.47695669E-08
   115.600006       4.16626129E-08
   115.699997       6.80776537E-08
   115.800003       9.29754194E-08
   115.900009       9.65661755E-08
   116.000000       8.89571865E-08
   116.100006       5.39520997E-08
   116.199997       1.02932933E-08
   116.300003      -3.83694143E-08
   116.400009      -7.12116162E-08
   116.500000      -8.02680873E-08
   116.600006      -6.33165058E-08
   116.699997      -3.96595645E-08
   116.800003      -1.89784952E-08
   116.900009      -6.56781118E-09
   117.000000      -1.64858160E-09
   117.100006      -5.74268055E-09
   117.199997      -9.08152575E-09
   117.300003      -1.72320505E-08
   117.400009      -2.08880113E-08
   117.500000      -1.96039913E-08
   117.600006      -1.63036802E-08
   117.699997      -1.73698922E-08
   117.800003      -1.19644614E-08
   117.900009      -1.71711667E-09
   118.000000       1.23994806E-08
   118.100006       2.56526391E-08
   118.199997       3.82583316E-08
   118.300003       4.29781757E-08
   118.400009       3.62359955E-08
   118.500000       3.40265203E-08
   118.600006       2.95731848E-08
   118.699997       3.34212871E-08
   118.800003       4.18768487E-08
   118.900009       5.84972959E-08
   119.000000       7.62880248E-08
   119.100006       9.08815565E-08
   119.199997       1.01219698E-07
   119.300003       1.02594669E-07
   119.400009       9.77770824E-08
   119.500000       8.00098690E-08
   119.600006       6.10212965E-08
   119.699997       3.00214928E-08
   119.800003       1.94157890E-09
   119.900009      -3.52529881E-08
   120.000000      -6.81401033E-08
   120.100006      -9.77602923E-08
   120.199997      -1.19770846E-07
   120.300003      -1.37446605E-07
   120.400009      -1.42355773E-07
   120.500000      -1.37065996E-07
   120.600006      -1.20519800E-07
   120.699997      -9.61640936E-08
   120.800003      -6.69791049E-08
   120.900009      -3.30093393E-08
   121.000000      -7.24013738E-09
   121.100006       1.41959529E-08
   121.199997       2.15905640E-08
   121.300003       2.94066229E-08
   121.400009       2.75814767E-08
   121.500000       3.44740485E-08
   121.600006       4.02255509E-08
   121.699997       5.28907549E-08
   121.800003       6.50613501E-08
   121.900009       7.11834218E-08
   122.000000       7.35377697E-08
   122.100006       6.86934669E-08
   122.199997       6.77770515E-08
   122.300003       7.06573857E-08
   122.400009       7.87146845E-08
   122.500000       7.90270249E-08
   122.600006       7.88683394E-08
   122.699997       5.84536544E-08
   122.800003       3.27227241E-08
   122.900009       3.43721651E-09
   123.000000      -1.44789718E-08
   123.100006      -2.49052174E-08
   123.199997      -2.06682227E-08
   123.300003      -1.14693099E-08
   123.400009      -2.78698464E-09
   123.500000       6.50472343E-10
   123.600006      -1.33958622E-08
   123.699997      -3.37981163E-08
   123.800003      -6.58178223E-08
   123.900009      -9.77660619E-08
   124.000000      -1.23389952E-07
   124.100006      -1.41182539E-07
   124.199997      -1.43414923E-07
   124.300003      -1.35213881E-07
   124.400009      -1.11764606E-07
   124.500000      -8.77238833E-08
   124.600006      -6.08545250E-08
   124.699997      -3.76078155E-08
   124.800003      -1.69819110E-08
   124.900009      -1.23000063E-08
   125.000000       3.49718210E-09
   125.100006       1.89630978E-08
   125.199997       5.20842534E-08
   125.300003       8.95927386E-08
   125.400009       1.25460943E-07
   125.500000       1.46800915E-07
   125.600006       1.58657386E-07
   125.699997       1.47455467E-07
   125.800003       1.29186731E-07
   125.900009       1.00517575E-07
   126.000000       7.31400505E-08
   126.100006       4.51412774E-08
   126.199997       2.11197850E-08
   126.300003       2.13797047E-09
   126.400009      -8.18687784E-09
   126.500000      -1.01683337E-08
   126.600006      -3.66278341E-09
   126.699997       1.18115286E-08
   126.800003       2.86571176E-08
   126.900009       4.13618437E-08
   127.000000       4.30852154E-08
   127.100006       3.66125477E-08
   127.199997       2.22476011E-08
   127.300003       1.30771634E-08
   127.400009       8.50954418E-09
   127.500000       1.44152459E-08
   127.600006       2.06987743E-08
   127.699997       1.51729260E-08
   127.800003       1.46043858E-10
   127.900009      -2.26142891E-08
   128.000000      -5.72562087E-08
   128.100006      -7.59002887E-08
   128.199997      -7.95844741E-08
   128.300003      -6.62999469E-08
   128.400009      -2.92667917E-08
   128.500000       6.61846711E-09
   128.600006       5.19309147E-08
   128.699997       9.16425407E-08
   128.800003       1.19809926E-07
   128.900009       1.28670692E-07
   129.000000       1.21188705E-07
   129.100006       9.22897883E-08
   129.199997       5.76405554E-08
   129.300003       1.92984988E-08
   129.400009      -1.03682396E-08
   129.500000      -2.44628886E-08
   129.600006      -1.95199945E-08
   129.699997      -7.74651632E-09
   129.800003       2.98069391E-09
   129.900009       5.01109731E-09
   130.000000      -7.37033501E-09
   130.100006      -3.13337019E-08
   130.199997      -5.95990493E-08
   130.300003      -9.64731797E-08
   130.400009      -1.34297835E-07
   130.500000      -1.71759893E-07
   130.600006      -2.08164025E-07
   130.699997      -2.44193899E-07
   130.800003      -2.68478317E-07
   130.900009      -2.72581985E-07
   131.000000      -2.49057138E-07
   131.100006      -1.96452163E-07
   131.199997      -1.25137589E-07
   131.300003      -4.06902494E-08
   131.400009       4.63801300E-08
   131.500000       1.23825558E-07
   131.600006       1.80628760E-07
   131.699997       2.22897654E-07
   131.800003       2.35125214E-07
   131.900009       2.42878713E-07
   132.000000       2.21434746E-07
   132.100006       1.95184398E-07
   132.199997       1.53774792E-07
   132.300003       1.18364866E-07
   132.400009       7.82100926E-08
   132.500000       5.57817863E-08
   132.600006       3.97156974E-08
   132.699997       3.67861048E-08
   132.800003       2.17785416E-08
   132.900009      -4.13578727E-09
   133.000000      -5.37505080E-08
   133.100006      -1.10728664E-07
   133.199997      -1.64759058E-07
   133.300003      -1.98053982E-07
   133.400009      -2.04717992E-07
   133.500000      -1.76486381E-07
   133.600006      -1.22668979E-07
   133.699997      -5.03721509E-08
   133.800003       2.87949611E-08
   133.900009       1.00748771E-07
   134.000000       1.56453197E-07
   134.100006       1.92249232E-07
   134.199997       1.98094483E-07
   134.300003       1.84335832E-07
   134.400009       1.46184348E-07
   134.500000       9.38139593E-08
   134.600006       3.62049200E-08
   134.699997      -3.17377271E-08
   134.800003      -8.01060551E-08
   134.900009      -1.26919559E-07
   135.000000      -1.42991880E-07
   135.100006      -1.48992441E-07
   135.199997      -1.25834106E-07
   135.300003      -9.74154801E-08
   135.400009      -5.67063836E-08
   135.500000      -2.37822633E-08
   135.600006      -3.04755055E-10
   135.699997       2.10679207E-09
   135.800003      -1.15882743E-08
   135.900009      -3.36285808E-08
   136.000000      -5.05365456E-08
   136.100006      -6.06099704E-08
   136.199997      -5.52357484E-08
   136.300003      -3.77418949E-08
   136.400009      -1.56791469E-08
   136.500000       1.52975606E-08
   136.600006       3.86715762E-08
   136.699997       6.01699313E-08
   136.800003       6.37659312E-08
   136.900009       6.94634963E-08
   137.000000       6.85282018E-08
   137.100006       8.17610726E-08
   137.199997       9.39635427E-08
   137.300003       1.19798145E-07
   137.400009       1.39897850E-07
   137.500000       1.57714538E-07
   137.600006       1.65241843E-07
   137.699997       1.52627024E-07
   137.800003       1.19484241E-07
   137.900009       6.17406997E-08
   138.000000       1.60700717E-10
   138.100006      -7.11604713E-08
   138.199997      -1.25930271E-07
   138.300003      -1.72365816E-07
   138.400009      -1.89298589E-07
   138.500000      -1.91869958E-07
   138.600006      -1.77182656E-07
   138.699997      -1.58971744E-07
   138.800003      -1.37947310E-07
   138.900009      -1.16434002E-07
   139.000000      -9.40983540E-08
   139.100006      -6.95366040E-08
   139.199997      -4.49915838E-08
   139.300003      -7.56545671E-09
   139.400009       2.52559680E-08
   139.500000       6.86704880E-08
   139.600006       1.05636971E-07
   139.699997       1.39646545E-07
   139.800003       1.53132362E-07
   139.900009       1.60691769E-07
   140.000000       1.53372255E-07
   140.100006       1.35307616E-07
   140.199997       1.11842027E-07
   140.300003       9.36131386E-08
   140.400009       8.42113650E-08
   140.500000       8.92308378E-08
   140.600006       9.30017308E-08
   140.699997       1.00928268E-07
   140.800003       8.77977939E-08
   140.900009       7.04450684E-08
   141.000000       3.54246232E-08
   141.100006       4.98448793E-09
   141.199997      -2.87636581E-08
   141.300003      -5.35369900E-08
   141.400009      -7.09659247E-08
   141.500000      -8.94332359E-08
   141.600006      -1.04410915E-07
   141.699997      -1.29011497E-07
   141.800003      -1.51582995E-07
   141.900009      -1.85705801E-07
   142.000000      -2.18941778E-07
   142.100006      -2.49114038E-07
   142.199997      -2.70951460E-07
   142.300003      -2.80414696E-07
   142.400009      -2.73194757E-07
   142.500000      -2.42646507E-07
   142.600006      -1.96861933E-07
   142.699997      -1.28195310E-07
   142.800003      -5.10545028E-08
   142.900009       3.16727586E-08
   143.000000       1.03476971E-07
   143.100006       1.70427342E-07
   143.199997       2.17607663E-07
   143.300003       2.54315239E-07
   143.400009       2.69497519E-07
   143.500000       2.67241688E-07
   143.600006       2.36093626E-07
   143.699997       1.86669382E-07
   143.800003       1.20670634E-07
   143.900009       5.18274845E-08
   144.000000      -1.30992426E-08
   144.100006      -5.56073445E-08
   144.199997      -7.03669087E-08
   144.300003      -6.24298835E-08
   144.400009      -4.14462349E-08
   144.500000      -1.09448592E-08
   144.600006       1.53324020E-08
   144.699997       3.21191536E-08
   144.800003       4.44818475E-08
   144.900009       4.55446951E-08
   145.000000       4.39012382E-08
   145.100006       2.51450096E-08
   145.199997       5.81273785E-09
   145.300003      -2.36596396E-08
   145.400009      -4.35773373E-08
   145.500000      -6.21534824E-08
   145.600006      -7.27160625E-08
   145.699997      -6.99168439E-08
   145.800003      -6.56789823E-08
   145.900009      -6.49802203E-08
   146.000000      -7.88862096E-08
   146.100006      -9.33242106E-08
   146.199997      -1.09008049E-07
   146.300003      -1.17335873E-07
   146.400009      -1.18724316E-07
   146.500000      -1.06399334E-07
   146.600006      -9.34167019E-08
   146.699997      -7.85091032E-08
   146.800003      -6.50409078E-08
   146.900009      -4.45207462E-08
   147.000000      -1.57647619E-08
   147.100006       2.59790873E-08
   147.199997       6.96611409E-08
   147.300003       1.10593433E-07
   147.400009       1.44590075E-07
   147.500000       1.54179787E-07
   147.600006       1.43516999E-07
   147.699997       1.11152254E-07
   147.800003       7.00005174E-08
   147.900009       2.27762307E-08
   148.000000      -8.82159146E-09
   148.100006      -3.42447528E-08
   148.199997      -4.15113526E-08
   148.300003      -3.53638967E-08
   148.400009      -1.45392294E-08
   148.500000       1.50896451E-08
   148.600006       4.84496496E-08
   148.699997       7.47458344E-08
   148.800003       8.97408299E-08
   148.900009       8.39543119E-08
   149.000000       6.92668465E-08
   149.100006       4.60572451E-08
   149.199997       2.22813625E-08
   149.300003       1.75680945E-08
   149.400009       2.43831959E-08
   149.500000       4.62021923E-08
   149.600006       6.84732271E-08
   149.699997       1.00407796E-07
   149.800003       1.20804458E-07
   149.900009       1.27503782E-07
   150.000000       1.14429390E-07
   150.100006       8.91388652E-08
   150.199997       6.04410673E-08
   150.300003       2.86732096E-08
   150.400009       7.27582661E-10
   150.500000      -2.30845654E-08
   150.600006      -4.17369392E-08
   150.699997      -5.66890250E-08
   150.800003      -6.32069899E-08
   150.900009      -6.94939288E-08
   151.000000      -6.76336995E-08
   151.100006      -6.80984940E-08
   151.199997      -6.24560172E-08
   151.300003      -6.31970067E-08
   151.400009      -5.47154819E-08
   151.500000      -4.95699091E-08
   151.600006      -3.95539956E-08
   151.699997      -3.66412678E-08
   151.800003      -3.63552175E-08
   151.900009      -3.70740700E-08
   152.000000      -4.12641015E-08
   152.100006      -3.59599390E-08
   152.199997      -3.86100929E-08
   152.300003      -3.18500355E-08
   152.400009      -2.74965988E-08
   152.500000      -1.43703769E-08
   152.600006      -7.14151094E-09
   152.699997       8.24292457E-09
   152.800003       1.74684356E-08
   152.900009       3.54711993E-08
   153.000000       4.45993038E-08
   153.100006       5.75709258E-08
   153.199997       6.09932655E-08
   153.300003       6.46165361E-08
   153.400009       5.54553914E-08
   153.500000       4.64349874E-08
   153.600006       3.53502863E-08
   153.699997       1.88561557E-08
   153.800003       7.92550292E-09
   153.900009      -9.42900247E-09
   154.000000      -4.50406690E-09
   154.100006      -1.19324710E-08
   154.199997      -8.38031955E-09
   154.300003      -9.78796955E-09
   154.400009      -1.44000811E-08
   154.500000      -2.00836450E-08
   154.600006      -3.10016652E-08
   154.699997      -4.64491876E-08
   154.800003      -6.08491106E-08
   154.900009      -7.93396282E-08
   155.000000      -8.25822042E-08
   155.100006      -8.03853055E-08
   155.199997      -6.12898674E-08
   155.300003      -3.59293040E-08
   155.400009      -8.61864302E-10
   155.500000       2.29574670E-08
   155.600006       3.98131945E-08
   155.699997       4.34815242E-08
   155.800003       4.23668212E-08
   155.900009       4.09235810E-08
   156.000000       4.82013220E-08
   156.100006       6.27330863E-08
   156.199997       9.04534190E-08
   156.300003       1.16334412E-07
   156.400009       1.26499813E-07
   156.500000       1.20957139E-07
   156.600006       9.08763624E-08
   156.699997       3.40902062E-08
   156.800003      -3.63315777E-08
   156.900009      -1.01495594E-07
   157.000000      -1.46434374E-07
   157.100006      -1.67960792E-07
   157.199997      -1.62994922E-07
   157.300003      -1.31393890E-07
   157.400009      -9.06682089E-08
   157.500000      -4.99051289E-08
   157.600006      -3.51841534E-09
   157.699997       2.92695326E-08
   157.800003       5.33466000E-08
   157.900009       6.50162377E-08
   158.000000       7.49141691E-08
   158.100006       7.43546664E-08
   158.199997       6.47785328E-08
   158.300003       3.70420317E-08
   158.400009      -2.51984700E-09
   158.500000      -5.62854794E-08
   158.600006      -1.08723683E-07
   158.699997      -1.54814700E-07
   158.800003      -1.81095189E-07
   158.900009      -1.81539676E-07
   159.000000      -1.60981543E-07
   159.100006      -1.14922486E-07
   159.199997      -6.74481342E-08
   159.300003      -1.19154953E-08
   159.400009       2.61346802E-08
   159.500000       5.78488013E-08
   159.600006       7.11986061E-08
   159.699997       7.47510356E-08
