MODEL
TEST MODEL 
ISOTROPIC 
KGS 
FLAT EARTH 
1-D 
CONSTANT VELOCITY 
LINE08 
LINE09 
LINE10 
LINE11 
 HR         VP       VS         RHO    QP    QS    ETAP  ETAS FREFP FREFS 
0.955000    	  6.600995    	  3.815604   	  2.85   	   1000   	  100  	 0.0 	  0.0 	  1.0  	 1.0 
0.478000    	  6.600995    	  3.815604   	  2.85   	   1000   	  100  	 0.0 	  0.0 	  1.0  	 1.0 
0.477000    	  6.600995    	  3.815604   	  2.85   	   1000   	  100  	 0.0 	  0.0 	  1.0  	 1.0 
0.478000    	  6.600995    	  3.815604   	  2.85   	   1000   	  100  	 0.0 	  0.0 	  1.0  	 1.0 
0.477000    	  6.600995    	  3.815604   	  2.85   	   1000   	  100  	 0.0 	  0.0 	  1.0  	 1.0 
0.956000    	  6.600995    	  3.815604   	  2.85   	   1000   	  100  	 0.0 	  0.0 	  1.0  	 1.0 
0.955000    	  5.374293    	  3.106528   	  2.85   	   1000   	  100  	 0.0 	  0.0 	  1.0  	 1.0 
0.478000    	  5.408139    	  3.126092   	  2.85   	   1000   	  100  	 0.0 	  0.0 	  1.0  	 1.0 
0.477000    	  5.425091    	  3.135891   	  2.85   	   1000   	  100  	 0.0 	  0.0 	  1.0  	 1.0 
0.478000    	  5.441950    	  3.145636   	  2.85   	   1000   	  100  	 0.0 	  0.0 	  1.0  	 1.0 
0.955000    	  5.458821    	  3.155388   	  2.85   	   1000   	  100  	 0.0 	  0.0 	  1.0  	 1.0 
0.955000    	  5.492418    	  3.174808   	  2.85   	   1000   	  100  	 0.0 	  0.0 	  1.0  	 1.0 
0.956000    	  5.525931    	  3.194180   	  2.85   	   1000   	  100  	 0.0 	  0.0 	  1.0  	 1.0 
0.955000    	  5.559374    	  3.213511   	  2.85   	   1000   	  100  	 0.0 	  0.0 	  1.0  	 1.0 
1.370492    	  5.592656    	  3.232749   	  2.85   	   1000   	  100  	 0.0 	  0.0 	  1.0  	 1.0 
0.539508    	  3.833347    	  2.215807   	  2.85   	   1000   	  100  	 0.0 	  0.0 	  1.0  	 1.0 
1.911000    	  5.658840    	  3.271006   	  2.85   	   1000   	  100  	 0.0 	  0.0 	  1.0  	 1.0 
1.910000    	  5.967779    	  3.449583   	  2.85   	   1000   	  100  	 0.0 	  0.0 	  1.0  	 1.0 
1.911000    	  5.967779    	  3.449583   	  2.85   	   1000   	  100  	 0.0 	  0.0 	  1.0  	 1.0 
1.911000    	  5.967779    	  3.449583   	  2.85   	   1000   	  100  	 0.0 	  0.0 	  1.0  	 1.0 
2.614000    	  5.967779    	  3.449583   	  2.85   	   1000   	  100  	 0.0 	  0.0 	  1.0  	 1.0 
1.207000    	  5.967779    	  3.449583   	  2.85   	   1000   	  100  	 0.0 	  0.0 	  1.0  	 1.0 
1.910000    	  6.406185    	  3.702997   	  2.85   	   1000   	  100  	 0.0 	  0.0 	  1.0  	 1.0 
1.911000    	  6.406185    	  3.702997   	  2.85   	   1000   	  100  	 0.0 	  0.0 	  1.0  	 1.0 
1.910000    	  6.406185    	  3.702997   	  2.85   	   1000   	  100  	 0.0 	  0.0 	  1.0  	 1.0 
2.068000    	  6.406185    	  3.702997   	  2.85   	   1000   	  100  	 0.0 	  0.0 	  1.0  	 1.0 
1.753000    	  6.406185    	  3.702997   	  2.85   	   1000   	  100  	 0.0 	  0.0 	  1.0  	 1.0 
1.911000    	  6.778813    	  3.918389   	  2.85   	   1000   	  100  	 0.0 	  0.0 	  1.0  	 1.0 
3.392000    	  6.778813    	  3.918389   	  2.85   	   1000   	  100  	 0.0 	  0.0 	  1.0  	 1.0 
-0.000000    	  6.778813    	  3.918389   	  2.85   	   1000   	  100  	 0.0 	  0.0 	  1.0  	 1.0 
2.866000    	  7.934000    	  4.524000   	  3.282160   	   3038.756359   	  1519.378179  	 0.0 	  0.0 	  1.0  	 1.0 
2.866000    	  7.930000    	  4.518000   	  3.281768   	   2508.873279   	  1254.436639  	 0.0 	  0.0 	  1.0  	 1.0 
2.866000    	  7.946000    	  4.518000   	  3.278969   	   2089.207778   	  1044.603889  	 0.0 	  0.0 	  1.0  	 1.0 
2.866000    	  7.954000    	  4.516000   	  3.291113   	   1756.286662   	  878.143331  	 0.0 	  0.0 	  1.0  	 1.0 
2.865000    	  7.969000    	  4.518000   	  3.292620   	   1489.909743   	  744.954872  	 0.0 	  0.0 	  1.0  	 1.0 
2.866000    	  7.973000    	  4.514000   	  3.294322   	   1274.898016   	  637.449008  	 0.0 	  0.0 	  1.0  	 1.0 
2.866000    	  7.966000    	  4.506000   	  3.294459   	   1099.47874   	  549.73937  	 0.0 	  0.0 	  1.0  	 1.0 
2.866000    	  7.980000    	  4.508000   	  3.296509   	   955.567802   	  477.783901  	 0.0 	  0.0 	  1.0  	 1.0 
2.866000    	  7.988000    	  4.505000   	  3.299775   	   836.632274   	  418.316137  	 0.0 	  0.0 	  1.0  	 1.0 
4.776000    	  7.988000    	  4.500000   	  3.299584   	   737.821241   	  368.910621  	 0.0 	  0.0 	  1.0  	 1.0 
4.776000    	  7.990000    	  4.493000   	  3.301403   	   607.324659   	  303.66233  	 0.0 	  0.0 	  1.0  	 1.0 
4.776000    	  7.992000    	  4.485000   	  3.302596   	   508.895681   	  254.447841  	 0.0 	  0.0 	  1.0  	 1.0 
4.777000    	  8.004000    	  4.483000   	  3.305042   	   433.650614   	  216.825307  	 0.0 	  0.0 	  1.0  	 1.0 
4.776000    	  8.000000    	  4.473000   	  3.307430   	   375.410508   	  187.705254  	 0.0 	  0.0 	  1.0  	 1.0 
4.776000    	  8.009000    	  4.469000   	  3.309750   	   329.83158   	  164.91579  	 0.0 	  0.0 	  1.0  	 1.0 
23.882000    	  8.014000    	  4.463000   	  3.311880   	   293.66141   	  146.830705  	 0.0 	  0.0 	  1.0  	 1.0 
4.776000    	  8.022000    	  4.429000   	  3.336402   	   198.899084   	  99.449542  	 0.0 	  0.0 	  1.0  	 1.0 
4.777000    	  8.027000    	  4.427000   	  3.339403   	   190.391168   	  95.195584  	 0.0 	  0.0 	  1.0  	 1.0 
3.109000    	  8.037000    	  4.429000   	  3.342457   	   183.901514   	  91.950757  	 0.0 	  0.0 	  1.0  	 1.0 
6.443000    	  8.041000    	  4.426000   	  3.344911   	   180.555414   	  90.277707  	 0.0 	  0.0 	  1.0  	 1.0 
4.777000    	  8.094000    	  4.450000   	  3.347276   	   179.435222   	  89.717611  	 0.0 	  0.0 	  1.0  	 1.0 
4.776000    	  8.106000    	  4.453000   	  3.350924   	   178.632523   	  89.316262  	 0.0 	  0.0 	  1.0  	 1.0 
3.704000    	  8.119000    	  4.454000   	  3.354946   	   177.853373   	  88.926686  	 0.0 	  0.0 	  1.0  	 1.0 
5.849000    	  8.307000    	  4.610000   	  3.396477   	   1704.479908   	  852.239954  	 0.0 	  0.0 	  1.0  	 1.0 
4.776000    	  8.308000    	  4.607000   	  3.393235   	   1661.338537   	  830.669268  	 0.0 	  0.0 	  1.0  	 1.0 
4.776000    	  8.319000    	  4.609000   	  3.396987   	   1627.583073   	  813.791537  	 0.0 	  0.0 	  1.0  	 1.0 
4.777000    	  8.327000    	  4.610000   	  3.400121   	   1595.0731   	  797.53655  	 0.0 	  0.0 	  1.0  	 1.0 
4.776000    	  8.340000    	  4.613000   	  3.403843   	   1563.751185   	  781.875593  	 0.0 	  0.0 	  1.0  	 1.0 
4.776000    	  8.351000    	  4.616000   	  3.407786   	   1625.134973   	  812.567487  	 0.0 	  0.0 	  1.0  	 1.0 
4.777000    	  8.362000    	  4.619000   	  3.411728   	   1691.378907   	  845.689454  	 0.0 	  0.0 	  1.0  	 1.0 
4.776000    	  8.380000    	  4.626000   	  3.416258   	   1760.208685   	  880.104343  	 0.0 	  0.0 	  1.0  	 1.0 
4.776000    	  8.387000    	  4.627000   	  3.420104   	   1831.694795   	  915.847398  	 0.0 	  0.0 	  1.0  	 1.0 
4.777000    	  8.406000    	  4.635000   	  3.424619   	   1905.953223   	  952.976612  	 0.0 	  0.0 	  1.0  	 1.0 
4.776000    	  8.412000    	  4.637000   	  3.428502   	   1983.083617   	  991.541809  	 0.0 	  0.0 	  1.0  	 1.0 
4.776000    	  8.428000    	  4.642000   	  3.432443   	   2063.175587   	  1031.587794  	 0.0 	  0.0 	  1.0  	 1.0 
4.776000    	  8.441000    	  4.645000   	  3.436869   	   2146.356114   	  1073.178057  	 0.0 	  0.0 	  1.0  	 1.0 
4.777000    	  8.453000    	  4.650000   	  3.440831   	   2232.70974   	  1116.35487  	 0.0 	  0.0 	  1.0  	 1.0 
9.552000    	  8.466000    	  4.653000   	  3.445250   	   2322.430882   	  1161.215441  	 0.0 	  0.0 	  1.0  	 1.0 
9.553000    	  8.489000    	  4.663000   	  3.453641   	   2512.228398   	  1256.114199  	 0.0 	  0.0 	  1.0  	 1.0 
9.553000    	  8.513000    	  4.671000   	  3.462066   	   2716.831069   	  1358.415535  	 0.0 	  0.0 	  1.0  	 1.0 
9.552000    	  8.535000    	  4.678000   	  3.470055   	   2937.310992   	  1468.655496  	 0.0 	  0.0 	  1.0  	 1.0 
9.553000    	  8.562000    	  4.687000   	  3.478686   	   3174.792421   	  1587.39621  	 0.0 	  0.0 	  1.0  	 1.0 
9.553000    	  8.585000    	  4.696000   	  3.487364   	   3430.639322   	  1715.319661  	 0.0 	  0.0 	  1.0  	 1.0 
9.552000    	  8.609000    	  4.705000   	  3.496351   	   3706.230712   	  1853.115356  	 0.0 	  0.0 	  1.0  	 1.0 
4.777000    	  8.591000    	  4.730000   	  3.512984   	   4003.448866   	  2001.724433  	 0.0 	  0.0 	  1.0  	 1.0 
4.776000    	  8.604000    	  4.733000   	  3.517558   	   4160.859671   	  2080.429835  	 0.0 	  0.0 	  1.0  	 1.0 
4.776000    	  8.618000    	  4.739000   	  3.521980   	   4324.102899   	  2162.051449  	 0.0 	  0.0 	  1.0  	 1.0 
4.777000    	  8.624000    	  4.739000   	  3.526041   	   4493.499563   	  2246.749782  	 0.0 	  0.0 	  1.0  	 1.0 
9.552000    	  8.643000    	  4.746000   	  3.530641   	   4669.27576   	  2334.63788  	 0.0 	  0.0 	  1.0  	 1.0 
9.553000    	  8.664000    	  4.751000   	  3.539373   	   5040.780694   	  2520.390347  	 0.0 	  0.0 	  1.0  	 1.0 
9.553000    	  8.688000    	  4.759000   	  3.548015   	   5440.567074   	  2720.283537  	 0.0 	  0.0 	  1.0  	 1.0 
9.552000    	  8.712000    	  4.766000   	  3.557421   	   5870.747534   	  2935.373767  	 0.0 	  0.0 	  1.0  	 1.0 
9.553000    	  8.737000    	  4.773000   	  3.567067   	   6333.615299   	  3166.807649  	 0.0 	  0.0 	  1.0  	 1.0 
9.552000    	  8.762000    	  4.779000   	  3.576782   	   6831.642726   	  3415.821363  	 0.0 	  0.0 	  1.0  	 1.0 
9.553000    	  8.790000    	  4.787000   	  3.587421   	   7367.492193   	  3683.746097  	 0.0 	  0.0 	  1.0  	 1.0 
9.553000    	  8.813000    	  4.792000   	  3.598114   	   7944.073556   	  3972.036778  	 0.0 	  0.0 	  1.0  	 1.0 
9.552000    	  8.834000    	  4.797000   	  3.603487   	   8563.662428   	  4281.831214  	 0.0 	  0.0 	  1.0  	 1.0 
9.553000    	  9.155000    	  5.095000   	  3.724430   	   9246.880069   	  4623.440034  	 0.0 	  0.0 	  1.0  	 1.0 
50.000000    	  9.696200    	  5.292200   	  3.923300   	   419.940000   	  166.800000  	 0.0 	  0.0 	  1.0  	 1.0 
50.000000    	  9.864000    	  5.398900   	  3.921800   	   422.550000   	  168.780000  	 0.0 	  0.0 	  1.0  	 1.0 
50.000000    	  10.032000    	  5.504700   	  3.920600   	   425.510000   	  170.820000  	 0.0 	  0.0 	  1.0  	 1.0 
0.000000    	  10.200000    	  5.610400   	  3.920100   	   428.690000   	  172.930000  	 0.0 	  0.0 	  1.0  	 1.0 
50.000000    	  10.790900    	  5.960700   	  4.238700   	   1350.540000   	  549.450000  	 0.0 	  0.0 	  1.0  	 1.0 
50.000000    	  10.922200    	  6.089800   	  4.298600   	   1311.170000   	  543.480000  	 0.0 	  0.0 	  1.0  	 1.0 
49.500000    	  11.055300    	  6.210000   	  4.356500   	   1277.930000   	  537.630000  	 0.0 	  0.0 	  1.0  	 1.0 
49.500000    	  11.135500    	  6.242400   	  4.411800   	   1269.440000   	  531.910000  	 0.0 	  0.0 	  1.0  	 1.0 
49.500000    	  11.222800    	  6.279900   	  4.465000   	   1260.680000   	  526.320000  	 0.0 	  0.0 	  1.0  	 1.0 
49.500000    	  11.306800    	  6.316400   	  4.516200   	   1251.690000   	  520.830000  	 0.0 	  0.0 	  1.0  	 1.0 
49.500000    	  11.389700    	  6.351900   	  4.565400   	   1243.020000   	  515.460000  	 0.0 	  0.0 	  1.0  	 1.0 
49.500000    	  11.470400    	  6.386000   	  4.592600   	   1234.540000   	  510.200000  	 0.0 	  0.0 	  1.0  	 1.0 
49.500000    	  11.549300    	  6.418200   	  4.619800   	   1226.520000   	  505.050000  	 0.0 	  0.0 	  1.0  	 1.0 
49.500000    	  11.626500    	  6.451400   	  4.646700   	   1217.910000   	  500.000000  	 0.0 	  0.0 	  1.0  	 1.0 
49.500000    	  11.702000    	  6.482200   	  4.673500   	   1210.020000   	  495.050000  	 0.0 	  0.0 	  1.0  	 1.0 
49.500000    	  11.776800    	  6.513100   	  4.700100   	   1202.040000   	  490.200000  	 0.0 	  0.0 	  1.0  	 1.0 
49.500000    	  11.849100    	  6.543100   	  4.726600   	   1193.990000   	  485.440000  	 0.0 	  0.0 	  1.0  	 1.0 
49.500000    	  11.920800    	  6.572800   	  4.752800   	   1186.060000   	  480.770000  	 0.0 	  0.0 	  1.0  	 1.0 
49.500000    	  11.989100    	  6.600900   	  4.779000   	   1178.190000   	  476.190000  	 0.0 	  0.0 	  1.0  	 1.0 
49.500000    	  12.057100    	  6.628500   	  4.805000   	   1170.530000   	  471.700000  	 0.0 	  0.0 	  1.0  	 1.0 
49.500000    	  12.124700    	  6.655400   	  4.830700   	   1163.160000   	  467.290000  	 0.0 	  0.0 	  1.0  	 1.0 
49.500000    	  12.191200    	  6.681300   	  4.856200   	   1156.040000   	  462.960000  	 0.0 	  0.0 	  1.0  	 1.0 
49.500000    	  12.255800    	  6.707000   	  4.881700   	   1148.760000   	  458.720000  	 0.0 	  0.0 	  1.0  	 1.0 
49.500000    	  12.318100    	  6.732300   	  4.906900   	   1141.320000   	  454.550000  	 0.0 	  0.0 	  1.0  	 1.0 
49.500000    	  12.381300    	  6.757900   	  4.932100   	   1134.010000   	  450.450000  	 0.0 	  0.0 	  1.0  	 1.0 
49.500000    	  12.442700    	  6.782000   	  4.957000   	   1127.020000   	  446.430000  	 0.0 	  0.0 	  1.0  	 1.0 
49.500000    	  12.503000    	  6.805600   	  4.981700   	   1120.090000   	  442.480000  	 0.0 	  0.0 	  1.0  	 1.0 
49.500000    	  12.563800    	  6.828900   	  5.006200   	   1108.580000   	  436.680000  	 0.0 	  0.0 	  1.0  	 1.0 
49.500000    	  12.622600    	  6.851700   	  5.030600   	   1097.160000   	  431.030000  	 0.0 	  0.0 	  1.0  	 1.0 
49.500000    	  12.680700    	  6.874300   	  5.054800   	   1085.970000   	  425.530000  	 0.0 	  0.0 	  1.0  	 1.0 
49.500000    	  12.738400    	  6.897200   	  5.078900   	   1070.380000   	  418.410000  	 0.0 	  0.0 	  1.0  	 1.0 
49.500000    	  12.795600    	  6.919400   	  5.102700   	   1064.230000   	  414.940000  	 0.0 	  0.0 	  1.0  	 1.0 
49.500000    	  12.852400    	  6.941600   	  5.126400   	   1058.030000   	  411.520000  	 0.0 	  0.0 	  1.0  	 1.0 
49.500000    	  12.909300    	  6.962500   	  5.149900   	   1048.090000   	  406.500000  	 0.0 	  0.0 	  1.0  	 1.0 
49.500000    	  12.966300    	  6.985200   	  5.173200   	   1042.070000   	  403.230000  	 0.0 	  0.0 	  1.0  	 1.0 
49.500000    	  13.022600    	  7.006900   	  5.196300   	   1032.140000   	  398.410000  	 0.0 	  0.0 	  1.0  	 1.0 
49.500000    	  13.078600    	  7.028600   	  5.219200   	   1018.380000   	  392.160000  	 0.0 	  0.0 	  1.0  	 1.0 
49.500000    	  13.133700    	  7.050400   	  5.242000   	   1008.790000   	  387.600000  	 0.0 	  0.0 	  1.0  	 1.0 
49.500000    	  13.189500    	  7.072200   	  5.264600   	   999.440000   	  383.140000  	 0.0 	  0.0 	  1.0  	 1.0 
49.500000    	  13.246500    	  7.093200   	  5.287000   	   990.770000   	  378.790000  	 0.0 	  0.0 	  1.0  	 1.0 
49.500000    	  13.301700    	  7.114400   	  5.309200   	   985.630000   	  375.940000  	 0.0 	  0.0 	  1.0  	 1.0 
49.500000    	  13.358400    	  7.136800   	  5.331300   	   976.810000   	  371.750000  	 0.0 	  0.0 	  1.0  	 1.0 
49.500000    	  13.415600    	  7.158400   	  5.353100   	   968.460000   	  367.650000  	 0.0 	  0.0 	  1.0  	 1.0 
48.500000    	  13.474100    	  7.180400   	  5.374800   	   960.360000   	  363.640000  	 0.0 	  0.0 	  1.0  	 1.0 
50.000000    	  13.531100    	  7.203100   	  5.396200   	   952.000000   	  359.710000  	 0.0 	  0.0 	  1.0  	 1.0 
50.000000    	  13.589900    	  7.225300   	  5.417600   	   940.880000   	  354.610000  	 0.0 	  0.0 	  1.0  	 1.0 
0.000000    	  13.649800    	  7.248500   	  5.438700   	   933.210000   	  350.880000  	 0.0 	  0.0 	  1.0  	 1.0 
49.670000    	  13.649800    	  7.248500   	  5.693400   	   722.730000   	  271.740000  	 0.0 	  0.0 	  1.0  	 1.0 
49.660000    	  13.653300    	  7.259300   	  5.719600   	   726.870000   	  273.970000  	 0.0 	  0.0 	  1.0  	 1.0 
