MODEL.01
TEST MODEL
ISOTROPIC
KGS
FLAT EARTH
1-D
CONSTANT VELOCITY
LINE08
LINE09
LINE10
LINE11
      H(KM)   VP(KM/S)   VS(KM/S) RHO(GM/CC)     QP         QS       ETAP       ETAS      FREFP      FREFS    
    21.4488     5.8674     3.3916     0.8500   0.00       0.00       0.00       0.00       1.00       1.00    
    12.2938     5.8263     3.3678     0.8500   0.00       0.00       0.00       0.00       1.00       1.00    
     0.1308     6.2173     3.5938     0.8500   0.00       0.00       0.00       0.00       1.00       1.00    
    11.5881     7.2873     4.2123     0.8500   0.00       0.00       0.00       0.00       1.00       1.00    
     2.8660     7.3812     4.2666     0.8500   0.00       0.00       0.00       0.00       1.00       1.00    
     2.8650     7.3234     4.2332     0.8500   0.00       0.00       0.00       0.00       1.00       1.00    
     2.8660     7.3764     4.2638     0.8500   0.00       0.00       0.00       0.00       1.00       1.00    
     2.8660     7.3733     4.2620     0.8500   0.00       0.00       0.00       0.00       1.00       1.00    
     2.8660     7.5032     4.3371     0.8500   0.00       0.00       0.00       0.00       1.00       1.00    
     2.8660     7.5568     4.3681     0.8500   0.00       0.00       0.00       0.00       1.00       1.00    
     4.7760     7.6881     4.4440     0.8500   0.00       0.00       0.00       0.00       1.00       1.00    
     4.7760     7.8078     4.5132     0.8500   0.00       0.00       0.00       0.00       1.00       1.00    
     4.7760     7.8231     4.5220     0.8500   0.00       0.00       0.00       0.00       1.00       1.00    
     4.7770     7.7281     4.4671     0.8500   0.00       0.00       0.00       0.00       1.00       1.00    
     4.7760     7.8013     4.5094     0.8500   0.00       0.00       0.00       0.00       1.00       1.00    
     4.7760     7.8590     4.5428     0.8500   0.00       0.00       0.00       0.00       1.00       1.00    
     2.6780     7.8930     4.5624     0.8500   0.00       0.00       0.00       0.00       1.00       1.00    
     6.8790     7.9087     4.5715     0.8500   0.00       0.00       0.00       0.00       1.00       1.00    
     4.7220     8.0967     4.6802     0.8500   0.00       0.00       0.00       0.00       1.00       1.00    
     4.7200     7.9750     4.6098     0.8500   0.00       0.00       0.00       0.00       1.00       1.00    
     4.8830     7.9019     4.5676     0.8500   0.00       0.00       0.00       0.00       1.00       1.00    
     4.7760     7.8082     4.5134     0.8500   0.00       0.00       0.00       0.00       1.00       1.00    
     4.7770     7.8343     4.5285     0.8500   0.00       0.00       0.00       0.00       1.00       1.00    
     3.1090     7.8193     4.5198     0.8500   0.00       0.00       0.00       0.00       1.00       1.00    
     6.4430     7.7511     4.4804     0.8500   0.00       0.00       0.00       0.00       1.00       1.00    
     4.7770     7.7379     4.4728     0.8500   0.00       0.00       0.00       0.00       1.00       1.00    
     4.7760     7.7450     4.4769     0.8500   0.00       0.00       0.00       0.00       1.00       1.00    
     3.7040     7.7245     4.4650     0.8500   0.00       0.00       0.00       0.00       1.00       1.00    
     5.8490     7.4381     4.2995     0.8500   0.00       0.00       0.00       0.00       1.00       1.00    
     4.7760     7.8061     4.5122     0.8500   0.00       0.00       0.00       0.00       1.00       1.00    
     4.7760     7.8900     4.5607     0.8500   0.00       0.00       0.00       0.00       1.00       1.00    
     4.7770     7.8648     4.5461     0.8500   0.00       0.00       0.00       0.00       1.00       1.00    
     4.7760     7.8182     4.5192     0.8500   0.00       0.00       0.00       0.00       1.00       1.00    
     4.7760     7.7025     4.4523     0.8500   0.00       0.00       0.00       0.00       1.00       1.00    
     4.7770     7.7052     4.4539     0.8500   0.00       0.00       0.00       0.00       1.00       1.00    
     4.7760     7.6238     4.4068     0.8500   0.00       0.00       0.00       0.00       1.00       1.00    
     4.7760     7.8258     4.5236     0.8500   0.00       0.00       0.00       0.00       1.00       1.00    
     4.7770     8.0545     4.6558     0.8500   0.00       0.00       0.00       0.00       1.00       1.00    
     4.7760     8.0118     4.6311     0.8500   0.00       0.00       0.00       0.00       1.00       1.00    
     4.7760     8.0258     4.6392     0.8500   0.00       0.00       0.00       0.00       1.00       1.00    
     4.7760     8.0293     4.6412     0.8500   0.00       0.00       0.00       0.00       1.00       1.00    
     4.7770     7.9296     4.5836     0.8500   0.00       0.00       0.00       0.00       1.00       1.00    
     9.5520     7.9286     4.5830     0.8500   0.00       0.00       0.00       0.00       1.00       1.00    
     9.5530     7.8090     4.5139     0.8500   0.00       0.00       0.00       0.00       1.00       1.00    
     9.5530     7.9997     4.6241     0.8500   0.00       0.00       0.00       0.00       1.00       1.00    
     9.5520     8.0030     4.6260     0.8500   0.00       0.00       0.00       0.00       1.00       1.00    
     9.5530     8.1331     4.7012     0.8500   0.00       0.00       0.00       0.00       1.00       1.00    
     9.5530     7.9461     4.5931     0.8500   0.00       0.00       0.00       0.00       1.00       1.00    
     9.5520     8.0881     4.6752     0.8500   0.00       0.00       0.00       0.00       1.00       1.00    
     4.7770     8.2409     4.7635     0.8500   0.00       0.00       0.00       0.00       1.00       1.00    
     4.7760     8.2509     4.7693     0.8500   0.00       0.00       0.00       0.00       1.00       1.00    
     4.7760     8.1476     4.7096     0.8500   0.00       0.00       0.00       0.00       1.00       1.00    
     4.7770     8.2037     4.7420     0.8500   0.00       0.00       0.00       0.00       1.00       1.00    
     9.5520     8.2502     4.7689     0.8500   0.00       0.00       0.00       0.00       1.00       1.00    
     9.5530     8.2196     4.7512     0.8500   0.00       0.00       0.00       0.00       1.00       1.00    
     9.5530     8.1763     4.7262     0.8500   0.00       0.00       0.00       0.00       1.00       1.00    
     9.5520     8.2464     4.7667     0.8500   0.00       0.00       0.00       0.00       1.00       1.00    
     9.5530     8.2568     4.7727     0.8500   0.00       0.00       0.00       0.00       1.00       1.00    
     9.5520     8.2047     4.7426     0.8500   0.00       0.00       0.00       0.00       1.00       1.00    
     9.5530     8.2616     4.7755     0.8500   0.00       0.00       0.00       0.00       1.00       1.00    
     9.5530     8.3194     4.8089     0.8500   0.00       0.00       0.00       0.00       1.00       1.00    
     9.5520     8.4147     4.8640     0.8500   0.00       0.00       0.00       0.00       1.00       1.00    
     9.5530     8.6192     4.9822     0.8500   0.00       0.00       0.00       0.00       1.00       1.00    
    -0.0000     8.7012     5.0296     0.8500   0.00       0.00       0.00       0.00       1.00       1.00    
    50.0000     9.6962     5.2922     3.9233   420.       167.       0.00       0.00       1.00       1.00    
    50.0000     9.8640     5.3989     3.9218   423.       169.       0.00       0.00       1.00       1.00    
    50.0000    10.0320     5.5047     3.9206   426.       171.       0.00       0.00       1.00       1.00    
     0.0000    10.2000     5.6104     3.9201   429.       173.       0.00       0.00       1.00       1.00    
    50.0000    10.7909     5.9607     4.2387  0.135E+04   549.       0.00       0.00       1.00       1.00    
    50.0000    10.9222     6.0898     4.2986  0.131E+04   543.       0.00       0.00       1.00       1.00    
    49.5000    11.0553     6.2100     4.3565  0.128E+04   538.       0.00       0.00       1.00       1.00    
    49.5000    11.1355     6.2424     4.4118  0.127E+04   532.       0.00       0.00       1.00       1.00    
    49.5000    11.2228     6.2799     4.4650  0.126E+04   526.       0.00       0.00       1.00       1.00    
    49.5000    11.3068     6.3164     4.5162  0.125E+04   521.       0.00       0.00       1.00       1.00    
    49.5000    11.3897     6.3519     4.5654  0.124E+04   515.       0.00       0.00       1.00       1.00    
    49.5000    11.4704     6.3860     4.5926  0.123E+04   510.       0.00       0.00       1.00       1.00    
    49.5000    11.5493     6.4182     4.6198  0.123E+04   505.       0.00       0.00       1.00       1.00    
    49.5000    11.6265     6.4514     4.6467  0.122E+04   500.       0.00       0.00       1.00       1.00    
    49.5000    11.7020     6.4822     4.6735  0.121E+04   495.       0.00       0.00       1.00       1.00    
    49.5000    11.7768     6.5131     4.7001  0.120E+04   490.       0.00       0.00       1.00       1.00    
    49.5000    11.8491     6.5431     4.7266  0.119E+04   485.       0.00       0.00       1.00       1.00    
    49.5000    11.9208     6.5728     4.7528  0.119E+04   481.       0.00       0.00       1.00       1.00    
    49.5000    11.9891     6.6009     4.7790  0.118E+04   476.       0.00       0.00       1.00       1.00    
    49.5000    12.0571     6.6285     4.8050  0.117E+04   472.       0.00       0.00       1.00       1.00    
    49.5000    12.1247     6.6554     4.8307  0.116E+04   467.       0.00       0.00       1.00       1.00    
    49.5000    12.1912     6.6813     4.8562  0.116E+04   463.       0.00       0.00       1.00       1.00    
    49.5000    12.2558     6.7070     4.8817  0.115E+04   459.       0.00       0.00       1.00       1.00    
    49.5000    12.3181     6.7323     4.9069  0.114E+04   455.       0.00       0.00       1.00       1.00    
    49.5000    12.3813     6.7579     4.9321  0.113E+04   450.       0.00       0.00       1.00       1.00    
    49.5000    12.4427     6.7820     4.9570  0.113E+04   446.       0.00       0.00       1.00       1.00    
    49.5000    12.5030     6.8056     4.9817  0.112E+04   442.       0.00       0.00       1.00       1.00    
    49.5000    12.5638     6.8289     5.0062  0.111E+04   437.       0.00       0.00       1.00       1.00    
    49.5000    12.6226     6.8517     5.0306  0.110E+04   431.       0.00       0.00       1.00       1.00    
    49.5000    12.6807     6.8743     5.0548  0.109E+04   426.       0.00       0.00       1.00       1.00    
    49.5000    12.7384     6.8972     5.0789  0.107E+04   418.       0.00       0.00       1.00       1.00    
    49.5000    12.7956     6.9194     5.1027  0.106E+04   415.       0.00       0.00       1.00       1.00    
    49.5000    12.8524     6.9416     5.1264  0.106E+04   412.       0.00       0.00       1.00       1.00    
    49.5000    12.9093     6.9625     5.1499  0.105E+04   406.       0.00       0.00       1.00       1.00    
    49.5000    12.9663     6.9852     5.1732  0.104E+04   403.       0.00       0.00       1.00       1.00    
    49.5000    13.0226     7.0069     5.1963  0.103E+04   398.       0.00       0.00       1.00       1.00    
    49.5000    13.0786     7.0286     5.2192  0.102E+04   392.       0.00       0.00       1.00       1.00    
    49.5000    13.1337     7.0504     5.2420  0.101E+04   388.       0.00       0.00       1.00       1.00    
    49.5000    13.1895     7.0722     5.2646   999.       383.       0.00       0.00       1.00       1.00    
    49.5000    13.2465     7.0932     5.2870   991.       379.       0.00       0.00       1.00       1.00    
    49.5000    13.3017     7.1144     5.3092   986.       376.       0.00       0.00       1.00       1.00    
    49.5000    13.3584     7.1368     5.3313   977.       372.       0.00       0.00       1.00       1.00    
    49.5000    13.4156     7.1584     5.3531   968.       368.       0.00       0.00       1.00       1.00    
    48.5000    13.4741     7.1804     5.3748   960.       364.       0.00       0.00       1.00       1.00    
    50.0000    13.5311     7.2031     5.3962   952.       360.       0.00       0.00       1.00       1.00    
    50.0000    13.5899     7.2253     5.4176   941.       355.       0.00       0.00       1.00       1.00    
     0.0000    13.6498     7.2485     5.4387   933.       351.       0.00       0.00       1.00       1.00    
    49.6700    13.6498     7.2485     5.6934   723.       272.       0.00       0.00       1.00       1.00    
    49.6600    13.6533     7.2593     5.7196   727.       274.       0.00       0.00       1.00       1.00    
