MODEL.01
 
ISOTROPIC
KGS
FLAT EARTH
1-D
CONSTANT VELOCITY
LINE08
LINE09
LINE10
LINE11
      H(KM)   VP(KM/S)   VS(KM/S) RHO(GM/CC)     QP         QS       ETAP       ETAS      FREFP      FREFS    
     0.9550     6.2038     3.5860     2.8763  0.100E-02  0.100E-01   0.00       0.00       1.00       1.00    
     0.4780     6.2046     3.5865     2.8763  0.100E-02  0.100E-01   0.00       0.00       1.00       1.00    
     0.4770     6.2059     3.5872     2.8763  0.100E-02  0.100E-01   0.00       0.00       1.00       1.00    
     0.4780     6.2079     3.5884     2.8763  0.100E-02  0.100E-01   0.00       0.00       1.00       1.00    
     0.4770     6.2108     3.5900     2.8763  0.100E-02  0.100E-01   0.00       0.00       1.00       1.00    
     0.9560     6.2148     3.5924     2.8763  0.100E-02  0.100E-01   0.00       0.00       1.00       1.00    
     0.9550     4.9944     2.8869     2.5749  0.100E-02  0.100E-01   0.00       0.00       1.00       1.00    
     0.4780     5.0378     2.9121     2.5816  0.100E-02  0.100E-01   0.00       0.00       1.00       1.00    
     0.4770     5.0659     2.9283     2.5850  0.100E-02  0.100E-01   0.00       0.00       1.00       1.00    
     0.4780     5.0951     2.9451     2.5884  0.100E-02  0.100E-01   0.00       0.00       1.00       1.00    
     0.9550     5.1254     2.9627     2.5918  0.100E-02  0.100E-01   0.00       0.00       1.00       1.00    
     0.9550     5.1743     2.9909     2.5985  0.100E-02  0.100E-01   0.00       0.00       1.00       1.00    
     0.9560     5.2244     3.0199     2.6052  0.100E-02  0.100E-01   0.00       0.00       1.00       1.00    
     0.9550     5.2754     3.0493     2.6119  0.100E-02  0.100E-01   0.00       0.00       1.00       1.00    
     1.3705     5.3266     3.0789     2.6185  0.100E-02  0.100E-01   0.00       0.00       1.00       1.00    
     0.5395     3.5854     2.0725     2.2900  0.100E-02  0.100E-01   0.00       0.00       1.00       1.00    
     1.9110     5.4287     3.1380     2.6318  0.100E-02  0.100E-01   0.00       0.00       1.00       1.00    
     1.9100     5.7547     3.3264     2.6936  0.100E-02  0.100E-01   0.00       0.00       1.00       1.00    
     1.9110     5.7707     3.3357     2.6936  0.100E-02  0.100E-01   0.00       0.00       1.00       1.00    
     1.9110     5.7853     3.3441     2.6936  0.100E-02  0.100E-01   0.00       0.00       1.00       1.00    
     2.6140     5.7984     3.3517     2.6936  0.100E-02  0.100E-01   0.00       0.00       1.00       1.00    
     1.2070     5.8095     3.3581     2.6936  0.100E-02  0.100E-01   0.00       0.00       1.00       1.00    
     1.9100     6.2580     3.6174     2.8219  0.100E-02  0.100E-01   0.00       0.00       1.00       1.00    
     1.9110     6.2671     3.6226     2.8219  0.100E-02  0.100E-01   0.00       0.00       1.00       1.00    
     1.9100     6.2752     3.6273     2.8219  0.100E-02  0.100E-01   0.00       0.00       1.00       1.00    
     2.0680     6.2823     3.6314     2.8219  0.100E-02  0.100E-01   0.00       0.00       1.00       1.00    
     1.7530     6.2887     3.6351     2.8219  0.100E-02  0.100E-01   0.00       0.00       1.00       1.00    
     1.9110     6.6671     3.8538     2.9225  0.100E-02  0.100E-01   0.00       0.00       1.00       1.00    
     3.3920     6.6723     3.8569     2.9225  0.100E-02  0.100E-01   0.00       0.00       1.00       1.00    
    -0.0000     6.6769     3.8595     2.9225  0.100E-02  0.100E-01   0.00       0.00       1.00       1.00    
     2.8660     7.8353     4.4677     3.2876  0.329E-03  0.658E-03   0.00       0.00       1.00       1.00    
     2.8660     7.8356     4.4642     3.2862  0.398E-03  0.800E-03   0.00       0.00       1.00       1.00    
     2.8660     7.8555     4.4665     3.2916  0.478E-03  0.962E-03   0.00       0.00       1.00       1.00    
     2.8660     7.8673     4.4668     3.2944  0.568E-03  0.114E-02   0.00       0.00       1.00       1.00    
     2.8650     7.8858     4.4709     3.2995  0.671E-03  0.134E-02   0.00       0.00       1.00       1.00    
     2.8660     7.8933     4.4689     3.3008  0.787E-03  0.157E-02   0.00       0.00       1.00       1.00    
     2.8660     7.8896     4.4628     3.2984  0.909E-03  0.182E-02   0.00       0.00       1.00       1.00    
     2.8660     7.9068     4.4666     3.3032  0.105E-02  0.209E-02   0.00       0.00       1.00       1.00    
     2.8660     7.9178     4.4654     3.3059  0.119E-02  0.239E-02   0.00       0.00       1.00       1.00    
     4.7760     7.9207     4.4621     3.3059  0.136E-02  0.271E-02   0.00       0.00       1.00       1.00    
     4.7760     7.9253     4.4566     3.3066  0.165E-02  0.329E-02   0.00       0.00       1.00       1.00    
     4.7760     7.9296     4.4500     3.3073  0.196E-02  0.394E-02   0.00       0.00       1.00       1.00    
     4.7770     7.9437     4.4492     3.3114  0.230E-02  0.461E-02   0.00       0.00       1.00       1.00    
     4.7760     7.9415     4.4403     3.3100  0.267E-02  0.532E-02   0.00       0.00       1.00       1.00    
     4.7760     7.9520     4.4372     3.3132  0.303E-02  0.606E-02   0.00       0.00       1.00       1.00    
    23.8820     7.9583     4.4320     3.3150  0.340E-02  0.680E-02   0.00       0.00       1.00       1.00    
     4.7760     7.9659     4.3980     3.3179  0.503E-02  0.101E-01   0.00       0.00       1.00       1.00    
     4.7770     7.9708     4.3960     3.3197  0.526E-02  0.105E-01   0.00       0.00       1.00       1.00    
     3.1090     7.9805     4.3979     3.3233  0.543E-02  0.109E-01   0.00       0.00       1.00       1.00    
     6.4430     7.9841     4.3947     3.3248  0.552E-02  0.111E-01   0.00       0.00       1.00       1.00    
     4.7770     8.0364     4.4183     3.3438  0.559E-02  0.111E-01   0.00       0.00       1.00       1.00    
     4.7760     8.0477     4.4209     3.3482  0.559E-02  0.112E-01   0.00       0.00       1.00       1.00    
     3.7040     8.0597     4.4215     3.3528  0.562E-02  0.112E-01   0.00       0.00       1.00       1.00    
     5.8490     8.2475     4.5770     3.4205  0.588E-03  0.117E-02   0.00       0.00       1.00       1.00    
     4.7760     8.2474     4.5734     3.4209  0.602E-03  0.120E-02   0.00       0.00       1.00       1.00    
     4.7760     8.2573     4.5748     3.4248  0.613E-03  0.123E-02   0.00       0.00       1.00       1.00    
     4.7770     8.2641     4.5752     3.4277  0.625E-03  0.125E-02   0.00       0.00       1.00       1.00    
     4.7760     8.2758     4.5775     3.4324  0.641E-03  0.128E-02   0.00       0.00       1.00       1.00    
     4.7760     8.2855     4.5798     3.4364  0.613E-03  0.123E-02   0.00       0.00       1.00       1.00    
     4.7770     8.2952     4.5821     3.4403  0.592E-03  0.118E-02   0.00       0.00       1.00       1.00    
     4.7760     8.3119     4.5884     3.4468  0.568E-03  0.114E-02   0.00       0.00       1.00       1.00    
     4.7760     8.3175     4.5887     3.4493  0.546E-03  0.109E-02   0.00       0.00       1.00       1.00    
     4.7770     8.3352     4.5960     3.4562  0.524E-03  0.105E-02   0.00       0.00       1.00       1.00    
     4.7760     8.3398     4.5972     3.4583  0.505E-03  0.101E-02   0.00       0.00       1.00       1.00    
     4.7760     8.3545     4.6015     3.4641  0.485E-03  0.971E-03   0.00       0.00       1.00       1.00    
     4.7760     8.3661     4.6038     3.4688  0.465E-03  0.935E-03   0.00       0.00       1.00       1.00    
     4.7770     8.3768     4.6081     3.4731  0.448E-03  0.893E-03   0.00       0.00       1.00       1.00    
     9.5520     8.3885     4.6104     3.4778  0.431E-03  0.862E-03   0.00       0.00       1.00       1.00    
     9.5530     8.4103     4.6198     3.4860  0.398E-03  0.794E-03   0.00       0.00       1.00       1.00    
     9.5530     8.4331     4.6272     3.4944  0.368E-03  0.735E-03   0.00       0.00       1.00       1.00    
     9.5520     8.4540     4.6336     3.5019  0.340E-03  0.680E-03   0.00       0.00       1.00       1.00    
     9.5530     8.4800     4.6421     3.5111  0.315E-03  0.629E-03   0.00       0.00       1.00       1.00    
     9.5530     8.5021     4.6507     3.5189  0.292E-03  0.581E-03   0.00       0.00       1.00       1.00    
     9.5520     8.5254     4.6593     3.5271  0.270E-03  0.541E-03   0.00       0.00       1.00       1.00    
     4.7770     8.5074     4.6840     3.5209  0.250E-03  0.500E-03   0.00       0.00       1.00       1.00    
     4.7760     8.5198     4.6867     3.5254  0.240E-03  0.481E-03   0.00       0.00       1.00       1.00    
     4.7760     8.5334     4.6925     3.5301  0.231E-03  0.463E-03   0.00       0.00       1.00       1.00    
     4.7770     8.5389     4.6922     3.5322  0.223E-03  0.444E-03   0.00       0.00       1.00       1.00    
     9.5520     8.5575     4.6991     3.5386  0.214E-03  0.429E-03   0.00       0.00       1.00       1.00    
     9.5530     8.5782     4.7039     3.5458  0.198E-03  0.397E-03   0.00       0.00       1.00       1.00    
     9.5530     8.6020     4.7119     3.5539  0.184E-03  0.368E-03   0.00       0.00       1.00       1.00    
     9.5520     8.6259     4.7189     3.5621  0.170E-03  0.340E-03   0.00       0.00       1.00       1.00    
     9.5530     8.6509     4.7260     3.5706  0.158E-03  0.315E-03   0.00       0.00       1.00       1.00    
     9.5520     8.6760     4.7321     3.5791  0.146E-03  0.292E-03   0.00       0.00       1.00       1.00    
     9.5530     8.7042     4.7403     3.5886  0.136E-03  0.272E-03   0.00       0.00       1.00       1.00    
     9.5530     8.7276     4.7455     3.5964  0.126E-03  0.252E-03   0.00       0.00       1.00       1.00    
     9.5520     8.7490     4.7508     3.6036  0.117E-03  0.234E-03   0.00       0.00       1.00       1.00    
     9.5530     9.0727     5.0492     3.7220  0.108E-03  0.216E-03   0.00       0.00       1.00       1.00    
    50.0000     9.6130     5.2468     3.9346  0.238E-02  0.599E-02   0.00       0.00       1.00       1.00    
    50.0000     9.7821     5.3541     3.9983  0.236E-02  0.592E-02   0.00       0.00       1.00       1.00    
    50.0000     9.9516     5.4606     4.0596  0.235E-02  0.585E-02   0.00       0.00       1.00       1.00    
     0.0000    10.1213     5.5671     4.1100  0.233E-02  0.578E-02   0.00       0.00       1.00       1.00    
    50.0000    10.7140     5.9182     4.3164  0.741E-03  0.182E-02   0.00       0.00       1.00       1.00    
    50.0000    10.8475     6.0482     4.3689  0.763E-03  0.184E-02   0.00       0.00       1.00       1.00    
    49.5000    10.9828     6.1693     4.4210  0.781E-03  0.186E-02   0.00       0.00       1.00       1.00    
    49.5000    11.0644     6.2026     4.4515  0.787E-03  0.188E-02   0.00       0.00       1.00       1.00    
    49.5000    11.1533     6.2410     4.4847  0.794E-03  0.190E-02   0.00       0.00       1.00       1.00    
    49.5000    11.2388     6.2784     4.5166  0.800E-03  0.192E-02   0.00       0.00       1.00       1.00    
    49.5000    11.3233     6.3149     4.5481  0.806E-03  0.194E-02   0.00       0.00       1.00       1.00    
    49.5000    11.4056     6.3499     4.5788  0.813E-03  0.196E-02   0.00       0.00       1.00       1.00    
    49.5000    11.4861     6.3831     4.6077  0.813E-03  0.198E-02   0.00       0.00       1.00       1.00    
    49.5000    11.5649     6.4172     4.6355  0.820E-03  0.200E-02   0.00       0.00       1.00       1.00    
    49.5000    11.6420     6.4490     4.6627  0.826E-03  0.202E-02   0.00       0.00       1.00       1.00    
    49.5000    11.7184     6.4808     4.6896  0.833E-03  0.204E-02   0.00       0.00       1.00       1.00    
    49.5000    11.7923     6.5118     4.7157  0.840E-03  0.206E-02   0.00       0.00       1.00       1.00    
    49.5000    11.8657     6.5424     4.7415  0.840E-03  0.208E-02   0.00       0.00       1.00       1.00    
    49.5000    11.9356     6.5715     4.7661  0.847E-03  0.210E-02   0.00       0.00       1.00       1.00    
    49.5000    12.0053     6.6000     4.7700  0.855E-03  0.212E-02   0.00       0.00       1.00       1.00    
    49.5000    12.0745     6.6279     4.7700  0.862E-03  0.214E-02   0.00       0.00       1.00       1.00    
    49.5000    12.1427     6.6547     4.7700  0.862E-03  0.216E-02   0.00       0.00       1.00       1.00    
    49.5000    12.2089     6.6814     4.7700  0.870E-03  0.218E-02   0.00       0.00       1.00       1.00    
    49.5000    12.2729     6.7076     4.7700  0.877E-03  0.220E-02   0.00       0.00       1.00       1.00    
    49.5000    12.3378     6.7342     4.7700  0.885E-03  0.222E-02   0.00       0.00       1.00       1.00    
    49.5000    12.4009     6.7592     4.7700  0.885E-03  0.224E-02   0.00       0.00       1.00       1.00    
    49.5000    12.4629     6.7838     4.7700  0.893E-03  0.226E-02   0.00       0.00       1.00       1.00    
    49.5000    12.5254     6.8080     4.7700  0.901E-03  0.229E-02   0.00       0.00       1.00       1.00    
    49.5000    12.5859     6.8318     4.7700  0.909E-03  0.232E-02   0.00       0.00       1.00       1.00    
    49.5000    12.6457     6.8553     4.7700  0.917E-03  0.235E-02   0.00       0.00       1.00       1.00    
    49.5000    12.7051     6.8792     4.7700  0.935E-03  0.239E-02   0.00       0.00       1.00       1.00    
    49.5000    12.7640     6.9023     4.7700  0.943E-03  0.241E-02   0.00       0.00       1.00       1.00    
    49.5000    12.8225     6.9255     4.7700  0.943E-03  0.243E-02   0.00       0.00       1.00       1.00    
    49.5000    12.8811     6.9473     4.7700  0.952E-03  0.246E-02   0.00       0.00       1.00       1.00    
    49.5000    12.9399     6.9710     4.7700  0.962E-03  0.248E-02   0.00       0.00       1.00       1.00    
    49.5000    12.9979     6.9936     4.7700  0.971E-03  0.251E-02   0.00       0.00       1.00       1.00    
    49.5000    13.0556     7.0163     4.7700  0.980E-03  0.255E-02   0.00       0.00       1.00       1.00    
    49.5000    13.1125     7.0390     4.7700  0.990E-03  0.258E-02   0.00       0.00       1.00       1.00    
    49.5000    13.1700     7.0618     4.7700  0.100E-02  0.261E-02   0.00       0.00       1.00       1.00    
    49.5000    13.2288     7.0837     4.7700  0.101E-02  0.264E-02   0.00       0.00       1.00       1.00    
    49.5000    13.2857     7.1059     4.7700  0.101E-02  0.266E-02   0.00       0.00       1.00       1.00    
    49.5000    13.3442     7.1292     4.7700  0.102E-02  0.269E-02   0.00       0.00       1.00       1.00    
    49.5000    13.4031     7.1518     4.7700  0.103E-02  0.272E-02   0.00       0.00       1.00       1.00    
    48.5000    13.4634     7.1747     4.7700  0.104E-02  0.275E-02   0.00       0.00       1.00       1.00    
    50.0000    13.5222     7.1984     4.7700  0.105E-02  0.278E-02   0.00       0.00       1.00       1.00    
    50.0000    13.5828     7.2215     4.7700  0.106E-02  0.282E-02   0.00       0.00       1.00       1.00    
     0.0000    13.6444     7.2457     4.7700  0.107E-02  0.285E-02   0.00       0.00       1.00       1.00    
    49.6700    13.6462     7.2466     4.7700  0.138E-02  0.368E-02   0.00       0.00       1.00       1.00    
     0.0000    13.6515     7.2584     4.7700  0.138E-02  0.365E-02   0.00       0.00       1.00       1.00    
