3.391579848708807354e+00 -3.714311871411410948e-01
3.367789722632814176e+00 -2.182027438825019772e+01
3.593795920354751594e+00 -3.411412354010539616e+01
4.212339198330579570e+00 -3.424490916938044904e+01
4.266600000000000392e+00 -4.583299999999999841e+01
4.233200000000000074e+00 -4.869899999999999807e+01
4.263799999999999812e+00 -5.156400000000000006e+01
4.261999999999999567e+00 -5.442999999999999972e+01
4.337100000000000399e+00 -5.729599999999999937e+01
4.368100000000000094e+00 -6.016199999999999903e+01
4.443999999999999950e+00 -6.302799999999999869e+01
4.513200000000000323e+00 -6.780400000000000205e+01
4.522000000000000242e+00 -7.257999999999999829e+01
4.467100000000000293e+00 -7.735599999999999454e+01
4.509400000000000297e+00 -8.213299999999999557e+01
4.542799999999999727e+00 -8.690900000000000603e+01
4.562400000000000233e+00 -9.168500000000000227e+01
4.571500000000000341e+00 -9.436299999999999955e+01
4.680200000000000138e+00 -1.012420000000000044e+02
4.609799999999999898e+00 -1.059639999999999986e+02
4.567599999999999660e+00 -1.106839999999999975e+02
4.513399999999999856e+00 -1.155669999999999931e+02
4.528500000000000192e+00 -1.203430000000000035e+02
4.519800000000000040e+00 -1.251200000000000045e+02
4.480400000000000382e+00 -1.282290000000000134e+02
4.472800000000000331e+00 -1.346719999999999970e+02
4.476899999999999658e+00 -1.394490000000000123e+02
4.464999999999999858e+00 -1.442249999999999943e+02
4.299500000000000099e+00 -1.479290000000000020e+02
4.512199999999999989e+00 -1.537779999999999916e+02
4.560699999999999754e+00 -1.585540000000000020e+02
4.546100000000000030e+00 -1.633300000000000125e+02
4.519199999999999662e+00 -1.681069999999999993e+02
4.452300000000000146e+00 -1.728830000000000098e+02
4.453899999999999970e+00 -1.776589999999999918e+02
4.406799999999999606e+00 -1.824360000000000070e+02
4.523600000000000065e+00 -1.872119999999999891e+02
4.655800000000000161e+00 -1.919879999999999995e+02
4.631099999999999994e+00 -1.967649999999999864e+02
4.639199999999999768e+00 -2.015409999999999968e+02
4.641200000000000436e+00 -2.063170000000000073e+02
4.583599999999999675e+00 -2.110929999999999893e+02
4.583000000000000185e+00 -2.158700000000000045e+02
4.513899999999999579e+00 -2.254219999999999970e+02
4.624100000000000321e+00 -2.349749999999999943e+02
4.626000000000000334e+00 -2.445279999999999916e+02
4.701200000000000045e+00 -2.540800000000000125e+02
4.593099999999999739e+00 -2.636329999999999814e+02
4.675200000000000244e+00 -2.731859999999999786e+02
4.763499999999999623e+00 -2.827379999999999995e+02
4.769300000000000317e+00 -2.875149999999999864e+02
4.709600000000000009e+00 -2.922909999999999968e+02
4.741999999999999993e+00 -2.970670000000000073e+02
4.768900000000000361e+00 -3.018439999999999941e+02
4.751199999999999868e+00 -3.113960000000000150e+02
4.726200000000000401e+00 -3.209490000000000123e+02
4.766700000000000159e+00 -3.305020000000000095e+02
4.772700000000000387e+00 -3.400539999999999736e+02
4.742600000000000371e+00 -3.496070000000000277e+02
4.775500000000000078e+00 -3.591589999999999918e+02
4.808900000000000396e+00 -3.687119999999999891e+02
4.863999999999999879e+00 -3.782649999999999864e+02
4.982199999999999740e+00 -3.878170000000000073e+02
5.029600000000000293e+00 -3.973700000000000045e+02
0.000000000000000000e+00 -3.973700000000000045e+02
0.000000000000000000e+00 -4.580000000000000182e-01
3.391579848708807354e+00 -3.714311871411410948e-01
