1.729999999999999982e+00 7.329999999999999849e-01
1.729999999999999982e+00 -2.220000000000000029e-01
1.729999999999999982e+00 -6.999999999999999556e-01
1.729999999999999982e+00 -1.177000000000000046e+00
1.729999999999999982e+00 -1.655000000000000027e+00
1.729999999999999982e+00 -2.132000000000000117e+00
1.729999999999999982e+00 -3.088000000000000078e+00
1.729999999999999982e+00 -4.043000000000000149e+00
1.729999999999999982e+00 -4.520999999999999908e+00
1.729999999999999982e+00 -4.998000000000000220e+00
1.729999999999999982e+00 -5.475999999999999979e+00
1.729999999999999982e+00 -6.431000000000000050e+00
1.729999999999999982e+00 -7.386000000000000121e+00
1.729999999999999982e+00 -8.342000000000000526e+00
1.729999999999999982e+00 -9.297000000000000597e+00
1.729999999999999982e+00 -1.025200000000000067e+01
1.729999999999999982e+00 -1.120700000000000074e+01
1.729999999999999982e+00 -1.311800000000000033e+01
1.729999999999999982e+00 -1.502800000000000047e+01
1.729999999999999982e+00 -1.693900000000000006e+01
1.729999999999999982e+00 -1.885000000000000142e+01
1.729999999999999982e+00 -2.146399999999999864e+01
1.729999999999999982e+00 -2.267099999999999937e+01
1.729999999999999982e+00 -2.458099999999999952e+01
1.729999999999999982e+00 -2.649200000000000088e+01
1.729999999999999982e+00 -2.840200000000000102e+01
1.729999999999999982e+00 -3.046999999999999886e+01
1.729999999999999982e+00 -3.222299999999999898e+01
1.729999999999999982e+00 -3.413400000000000034e+01
1.729999999999999982e+00 -3.752600000000000335e+01
0.000000000000000000e+00 -3.752600000000000335e+01
0.000000000000000000e+00 7.329999999999999849e-01
